   1.4862921e+00  -8.7649912e-02   5.5951285e-01   2.0754311e-02   3.5391328e-01  -1.6878562e-02   3.3309859e-01  -6.7295277e-01   5.8134037e-01   3.5794488e-01   1.2010794e+00  -9.3366778e-01  -4.2900869e-01   3.1904721e-01   1.2431620e+00  -8.3794566e-03  -7.9491526e-01  -7.5450093e-01   3.3569548e-01   4.0389872e-03  -1.2222301e+00  -8.2705235e-01   5.9952801e-01  -5.6344771e-01
   8.8823986e-01   1.8053430e-01   2.8774178e-02   3.4102547e-01  -1.6276915e+00   1.8078804e-01   1.1428615e+00   1.3393894e-01   3.6408669e-01  -5.2145094e-01   6.8857586e-01  -4.2019930e-01  -3.6277840e-01   1.5143025e-01   9.2121798e-01   1.2766598e-01  -1.2576092e+00  -2.4859099e-01  -1.5367368e+00  -4.9148068e-01  -4.7604865e-01  -5.7332087e-01  -1.8830946e-01   3.7848252e-01
   1.6539026e+00   3.9819798e-01   2.9263315e-01  -5.9549153e-01   3.1969461e-01   6.1540323e-01  -1.0531961e+00   3.8531584e-01   7.3435533e-01  -9.9878371e-02   4.0704989e-01   4.6069598e-01  -2.8412962e-01  -4.1955623e-01   1.7537456e+00  -5.2369034e-01   8.6668038e-01   2.2148766e-01   2.4876525e-01  -5.6195724e-01  -6.7780370e-01   3.5354021e-01   7.8055954e-01  -1.4769706e-01
   1.4422139e+00  -5.9790689e-01   2.9453313e-01  -4.9832262e-02  -7.9454726e-01  -1.0556363e+00  -8.3927375e-01  -2.9738665e-01   4.7104234e-01   7.2194922e-01   4.3574587e-01   4.2835556e-02  -2.2096471e-01   1.4526653e-01   1.3969048e+00   3.2613707e-01   5.9880364e-01  -5.6941509e-01  -6.5004718e-01   1.3471900e+00  -6.0744429e-01   5.4261601e-03   4.6445507e-01  -6.0609055e-01
   1.8280194e+00   7.0917711e-02  -3.4172809e-01  -2.5791401e-01   8.4245658e-01  -7.9361951e-01   6.7129016e-01   5.8812881e-01  -3.6298865e-01  -1.2275580e-01   4.0147051e-01  -1.6099234e-01   2.7900580e-01  -1.9268882e-01   1.7490900e+00  -4.9763676e-02  -6.6730595e-01   5.9609365e-01   1.0831989e+00   7.8321916e-01  -2.9364821e-01  -3.2281813e-01  -2.0865084e-01   4.3375649e-02
   1.2357554e+00  -7.1923190e-01   1.5698250e-01  -3.8611874e-02  -8.3406222e-01   4.0073797e-01   5.8246130e-01  -8.3961435e-02  -4.4637436e-01   5.9088725e-01   8.8934880e-01   1.1779556e+00  -4.2976208e-02  -4.2764585e-02   1.5600735e+00   9.6943177e-02  -6.0589057e-01   3.8425383e-01  -6.7016876e-01   2.3521322e-01  -3.1700218e-01   1.2457315e+00  -8.1071353e-01  -4.7360072e-01
   8.9761299e-01   3.4710977e-02   5.5445418e-02  -8.3427750e-02   5.3449982e-01   9.8605603e-01  -7.8072923e-01  -1.0853057e+00  -1.2061820e+00   2.3301874e-01   7.9132068e-01   4.7618233e-02   1.6032979e-01  -7.7791035e-02   7.7087718e-01   3.5830191e-01   8.9467263e-01  -9.9316680e-01   8.6663336e-01  -6.5598541e-01  -9.3937147e-01  -2.5340718e-01  -7.0866781e-01  -9.1026217e-01
   9.5153046e-01  -3.0077487e-01  -5.2628726e-01   1.6779469e-01  -7.8572631e-01   7.6918448e-03  -5.9641856e-01   5.2156323e-01  -6.2386688e-02  -7.1063012e-01   1.2945856e+00  -1.1264919e+00   3.5250655e-01   2.3486325e-01   1.0163823e+00   2.5321594e-01   3.6554927e-01   1.4821441e-01  -6.9260728e-01   2.0438147e-01  -1.3910010e+00  -1.2753948e+00  -1.5481883e-01   6.7887539e-01
   9.8085922e-01   9.6074837e-01   1.2674490e-01   8.2177348e-02   1.0766158e+00   5.5203927e-01   7.1964312e-01  -3.7350854e-01   1.0308799e+00  -8.9883363e-01  -3.1211236e-01   5.2796040e-02  -9.8732091e-02   1.5193407e-01   1.2131952e+00  -7.3719752e-01  -7.2013903e-01  -5.2180940e-01   1.0984191e+00  -5.2167159e-01   2.9534292e-01   9.9952780e-02   7.7942270e-01   9.8873454e-01
   1.2218245e+00   2.4712287e-01   3.1374667e-02  -4.2528257e-01  -3.3205056e-01   4.0761912e-01   6.4078128e-01   7.5053084e-01   1.4884952e+00   4.6664581e-02  -7.0339614e-01  -5.4895866e-01   5.2630454e-02  -4.4273084e-01   1.3040172e+00  -1.8215325e-02  -7.2214848e-01   5.1037925e-01  -4.7007295e-01  -4.5602182e-01   8.1738770e-01  -5.0612485e-01   1.3715996e+00   2.8973430e-01
   8.6714387e-01   3.5760126e-01   1.5547717e-01  -6.2561363e-01   9.0148675e-01  -1.0519048e+00  -3.4287280e-01  -5.5684340e-01   1.1608179e+00   5.9593100e-02  -1.0021966e+00   4.8499476e-02   1.6216405e-02  -5.2992910e-01   8.9715695e-01  -4.1188607e-01   4.5403725e-01  -5.0964153e-01   7.1475506e-01   1.0889412e+00   8.3961529e-01   2.6330441e-01   1.3090791e+00   3.0634698e-01
   6.9938421e-01   1.8701079e-01   6.9023684e-02   1.4516805e-01  -9.9138898e-01   4.1269195e-01  -1.7127043e+00  -4.3375023e-02   2.5851461e-01   2.5132546e-01  -5.2875715e-01  -9.7573966e-01  -1.3711590e-01   1.1092608e-01   7.7695590e-01  -4.3667153e-02   1.6839433e+00   3.7480557e-01  -8.8928753e-01  -7.3140353e-01   6.0394335e-01  -7.5460863e-01   3.0078238e-01  -1.9169660e-01
   1.0731103e+00  -3.7378144e-01   2.2594336e-01   5.8074713e-02   1.1195799e+00   6.2966543e-01   6.0080689e-01  -7.4228656e-01  -3.8477239e-01   5.3176415e-01  -4.8005715e-01   1.1962963e+00   5.9904207e-02  -1.0878744e-01   1.0794740e+00  -4.8399866e-01  -8.3460766e-01   6.0703736e-03   2.1725626e-01  -1.2161119e+00   1.1824441e+00   4.4760817e-01  -7.0465279e-01  -5.1697183e-01
   9.2352563e-01  -3.5353476e-01  -2.7185971e-01   2.7910313e-01  -7.1781868e-01  -5.9577298e-01   4.1913110e-01  -1.2602888e-01  -6.8582034e-01  -2.4728893e-01  -1.5153223e+00  -9.9037367e-01   1.3539739e-01  -3.5402432e-02   7.9861712e-01   3.2830793e-01  -2.3771104e-01  -3.8565516e-01  -6.6828007e-01   7.2458261e-01   1.6447538e+00  -8.7739456e-01  -7.4704951e-01   1.5768825e-01
   1.6453464e+00  -1.5137824e-01   1.5429436e-01  -2.4778467e-01   5.9253830e-01   2.1535560e-01  -3.4135145e-01   7.8298384e-01  -5.4274791e-01   8.9706117e-01  -8.6167675e-01  -4.6461979e-01  -1.6713859e-01  -1.7090932e-01   1.4885579e+00  -5.2633190e-01   6.7621797e-01   3.0674720e-01   5.3364205e-01  -2.4289308e-01   4.8723969e-01  -9.0523303e-01  -8.8115227e-01  -8.4947705e-01
   2.1148324e+00   1.1165769e-01   7.4959755e-02  -1.0783446e-01  -6.8828017e-01   3.1333524e-01  -1.8499756e-01  -5.2917635e-01  -2.8142941e-01  -5.0581771e-01  -4.7134286e-01  -2.3321828e-01  -1.3198659e-01  -2.4955423e-01   2.1266518e+00  -4.1159070e-01   5.5802155e-02  -7.0667601e-01  -6.1229140e-01  -6.8003692e-02   2.8407899e-01  -2.7488637e-01  -3.7695044e-01   2.1877314e-01
