   8.1611532e-01   1.9232014e-01   2.7513000e-01   2.3030601e-01  -1.6815765e+00   5.7241315e-01  -4.4234213e-01   3.0814919e-01   8.1414896e-01   2.4375029e-01   1.3518672e-01   3.8493019e-02   6.0869062e-01   3.4907319e-02   5.1702863e-01   4.1427761e-02  -1.5241600e+00  -1.3255428e+00   3.0013356e-01  -4.1143349e-01
   8.5070592e-01   1.7300005e-01  -3.8021246e-01   5.7895237e-01  -8.7093276e-01   9.7679436e-01  -1.1882540e+00   7.7306128e-01   1.0970188e-01  -1.7990571e-01  -6.6317812e-02   1.0510737e-01   4.4927353e-01   3.3627775e-01   4.7888497e-01   4.3938145e-01  -7.6881611e-01  -5.8724028e-01  -1.3131655e+00   1.2597239e+00
   5.1849431e-01   5.0293617e-02   1.6887341e-01   7.5444967e-02   1.0538235e-01  -4.1370568e-01  -1.8592550e+00   2.2407812e-01   1.0021747e+00   2.7790621e-02  -3.6489233e-02   2.6722041e-01   3.1518903e-01   2.0178837e-01   1.2406567e+00   1.5665550e+00  -9.8177297e-03   7.3052734e-02   2.3265728e-01  -8.5692090e-01
   6.9266152e-01   4.2064160e-01  -1.0998624e-01  -3.2855245e-01  -4.7876456e-01  -4.9801758e-01  -1.8329214e+00   8.9767605e-02  -2.7273786e-01  -5.5132115e-01  -3.9642221e-01   1.2296927e-01   5.0438696e-01  -2.6924920e-01   1.3621490e+00   7.4180073e-01  -3.0066469e-01  -5.4315567e-02  -1.4130745e+00   7.0567355e-02
   1.0909320e+00   1.9093738e-01  -3.0803192e-01   3.8472271e-01  -1.6288269e-01   1.0394576e+00  -1.0018535e+00   4.2528668e-01   9.9116170e-01  -5.0648946e-01  -1.1948780e-01   1.2157770e-01   1.4438256e+00  -6.0906869e-01   6.5435225e-01   2.5813544e-02  -5.0622767e-01  -1.0908685e+00   6.7821229e-01  -4.2458129e-01
   1.6246750e+00   2.3002659e-01  -4.8920053e-01   1.1937520e-01  -4.0513876e-01   1.5685183e-01  -1.1603302e+00   4.0708309e-01  -5.0700384e-01  -3.0996102e-01  -1.0688383e-01  -4.0526699e-02   1.3863717e+00  -2.6513013e-01   1.1405027e+00   7.3748296e-01  -9.9544811e-01  -3.0356973e-01   2.1163669e-01  -1.4873870e-01
   1.2056088e+00   1.5969297e-01   4.8534725e-02   5.3779191e-01  -6.3408893e-01  -1.4339263e+00  -1.9832003e-01   6.2399352e-01  -3.5428330e-01  -4.6583316e-01  -1.5337427e-01   1.6940887e-01   7.6569784e-01   4.1452788e-02   9.2189699e-01   9.9004760e-02   1.1475918e-01   1.7271112e+00  -6.3929826e-01   3.0868232e-01
   1.3980379e+00  -6.9957316e-02   7.8439787e-02  -2.0495515e-01  -7.1201766e-01  -6.8049502e-01  -2.6571748e-03   9.5989472e-01   1.0437373e+00  -1.0771269e-01  -9.1540396e-02   7.0130661e-02   1.3172671e+00  -3.2951906e-02   1.0302682e+00   8.4571308e-01  -3.1811458e-01   5.6395364e-01   6.5473431e-01  -7.9108953e-01
   6.1063468e-01   5.7964087e-02  -1.4683267e-01  -3.6861888e-01   2.1286948e-01   1.5941744e+00  -1.1680704e+00   1.2055794e-01  -4.9068907e-04  -7.0759964e-01   2.1849249e-01   1.5895386e-01   8.5718036e-01   2.4877842e-01   9.5884192e-01   8.2001525e-01   1.2432276e+00  -4.4324261e-01   8.3034289e-01   3.2710049e-01
   6.3166225e-01   2.9777467e-01  -3.1322938e-01  -2.4983451e-01   5.4017025e-01  -5.6766289e-01  -1.0279483e+00   8.7167555e-01   6.5028906e-01  -1.2240942e+00   3.0905363e-01   3.2770747e-01   5.8198529e-01   3.4045321e-01   1.1879267e+00   8.2832265e-01   1.3455976e+00   2.3307456e-01  -7.7093348e-02  -6.1179256e-01
   6.1993384e-01  -7.5493917e-02  -3.7355307e-01  -2.1538939e-01   1.1775211e+00  -4.1715270e-01  -4.9466622e-01  -4.7688067e-01  -1.1481167e+00  -1.0359505e+00   1.9988602e-01  -5.6893028e-02   1.0965697e-01  -1.0460157e-01  -1.6044199e-01   9.8124272e-01   9.0423435e-01   1.1757685e+00  -1.2625774e+00  -3.8870353e-01
   3.2633132e-01   6.4330637e-02  -6.0336637e-01   4.2875892e-01   4.8713893e-01  -5.4470533e-01  -8.9161408e-01   4.0493962e-01  -1.5430524e+00   6.8374932e-01   5.0145924e-02   2.5324169e-01   1.0529456e+00  -2.4497762e-01   5.4394817e-01   1.0060728e+00   1.0774428e+00   1.1406119e-01  -1.0007303e+00   5.3031087e-01
   9.3760443e-01   2.8591767e-01  -2.1662787e-01  -4.1000605e-01  -3.8558045e-01   8.9969647e-01  -9.0390444e-01   1.4040043e+00  -2.6342726e-01  -9.1244273e-02   3.4376526e-01   1.7883096e-02   6.9165236e-01  -1.6232462e-01   1.2113155e+00   6.5776825e-01  -7.4399465e-01  -7.3587596e-01  -6.6621232e-01   9.6847761e-01
   1.4747028e+00   2.5338846e-01   3.3567753e-01  -2.6631010e-01   1.8786629e-01   6.9584405e-01  -4.5367542e-01   9.3856084e-01  -2.3798582e-01   9.5634562e-01   1.1009798e-01   1.4260830e-01   9.8256779e-01  -2.4500650e-01   1.1753079e+00   9.6047181e-01   4.7540456e-01   1.2600739e-02  -9.5824391e-02  -1.1844274e+00
   8.4144866e-01  -8.0843560e-02  -4.4556685e-02   5.0253618e-01   8.1572488e-02  -7.3647970e-01  -7.8168005e-01   1.1559117e+00   1.1554451e+00  -4.4680533e-01  -2.3944405e-01  -5.5963282e-02   1.0772283e+00   5.2315261e-02   1.4819467e+00   1.1030937e+00   2.9587114e-01   4.4828323e-01   2.6369512e-01   7.3227860e-02
   1.1692077e+00   2.2036335e-01  -1.1642651e-01   6.0664099e-03   7.1864378e-01  -5.7041496e-01  -7.8618479e-01   1.0487529e+00  -7.5587547e-01   6.6307008e-01   2.7851498e-01  -6.5370850e-02   1.2242757e+00  -6.7045942e-02   1.0789320e+00   1.2936146e+00   4.1869143e-01  -1.6182660e-01   1.3538316e-01   5.9787750e-01
   1.2255392e+00   5.0237477e-01   3.1931192e-02   1.6566977e-01  -1.1937300e+00   6.7807615e-01  -9.5633709e-01  -8.7595999e-04  -5.9184194e-01  -2.5994313e-01   8.3782170e-03   5.8455851e-02   1.0858827e+00  -2.1904384e-01   9.4608092e-01   9.9184960e-02  -5.9204274e-01  -9.8141629e-01  -1.2263654e+00  -2.1637952e-01
   1.3853669e+00  -2.1143915e-01   2.9917255e-01   1.8452424e-01  -3.5580856e-01   1.9140437e-01  -1.4164430e+00  -3.1061569e-01  -2.2639087e-01   7.7150327e-01  -4.9402741e-01   3.6140749e-01   9.8991239e-01   6.1613983e-01   5.6574416e-01   3.4084731e-01  -5.2192003e-01  -7.6020616e-01   1.2945487e+00   5.5077505e-01
   1.3347666e+00  -6.5839151e-03  -1.8015692e-02   1.9129638e-01  -1.2129173e+00  -7.2870046e-01  -1.0555249e+00   1.1926094e-01   2.1596643e-01   6.5308481e-02  -1.3547818e-01  -5.5228602e-03   1.1143267e+00   3.0523491e-01   1.2018114e+00  -2.9647696e-01  -6.8025202e-01   1.1891971e+00   4.7200209e-01  -1.2146979e-01
   7.9908556e-01  -2.1534917e-01   1.5708014e-01   5.4899615e-01  -1.3626021e+00   1.9381723e-01  -9.6626461e-01  -7.6316041e-01  -9.9361651e-02   7.5419688e-01   1.5513428e-01   1.9620515e-01   6.9463277e-01  -3.6523280e-01   2.4117906e-01  -2.2149256e-01  -3.7292370e-01   6.1078751e-01  -1.9080553e+00  -2.4797608e-01
   1.3766022e+00  -5.3722207e-02  -3.1143397e-01  -2.5304931e-01  -8.1815207e-01   2.2425692e-01  -1.1790078e+00   1.5995054e-01   5.9236163e-01   6.7442971e-01   5.8437902e-02   2.0744760e-01   1.1353984e+00   9.9701762e-02   1.0071527e+00   3.4320521e-01   6.2613464e-03  -3.9045680e-01   1.2874414e+00   8.4399837e-01
   1.6421815e+00   4.7785249e-01   5.2687779e-02  -2.1193360e-01   2.8880709e-01   2.3018175e-01  -6.3169605e-01   4.8469311e-01   2.7020118e-01  -1.0880423e+00  -4.2701975e-01   3.8469431e-01   1.5936868e+00  -2.6216688e-02   1.0264854e+00   6.1293519e-01  -3.3998591e-01  -1.5633887e-02  -7.3814952e-01  -1.9767940e-01
   1.2714616e+00   3.0460951e-01  -1.4107622e-02   3.0288998e-02   1.2296849e-01  -2.1396112e-01  -1.2913934e+00   3.6884716e-01   9.1296041e-01  -7.6898611e-01   1.4134961e-01   1.3314831e-01   1.3844397e+00  -1.0708121e-01   1.1695247e+00   7.4834681e-01  -2.9671726e-01   5.7124823e-01  -4.6406910e-01   6.9037354e-01
   1.6313612e+00   8.3366913e-01   1.5662287e-01   6.2895782e-02  -6.3411677e-01  -2.7664453e-01  -8.7795520e-01   1.0850346e-01   5.9215117e-01  -5.7544529e-02  -1.6693710e-01   9.1505058e-02   1.7081398e+00  -3.5142687e-01   1.0480140e+00  -5.6476510e-01  -3.0334508e-01   6.1843687e-01  -9.3709491e-02  -1.4818697e-01
   7.0797694e-01   2.4724992e-01  -9.7217709e-02   4.9462003e-01   7.0035017e-01   8.5144877e-01  -1.4046707e+00   9.8986512e-01  -7.0615977e-02   1.0080200e-01   3.5950300e-01  -2.0952448e-01   9.5182252e-01   1.6840017e-01   8.1174213e-01   1.1105255e+00   8.7336463e-01  -9.2035127e-01  -1.9332241e-01  -5.9426814e-01
   1.3063896e+00   1.7187702e-02  -2.6012322e-01  -3.6261833e-01   9.0936494e-01   4.9244162e-01  -1.1220105e+00   4.3684137e-01   1.3198950e-02   7.5798392e-01   1.5973899e-01   3.7731293e-01   1.2151614e+00  -2.6716924e-01   1.0447209e+00  -1.1998753e-01   4.0558541e-01  -7.5998902e-01   9.6443832e-01  -7.1137834e-01
   1.2802187e+00  -2.3592316e-01  -3.6455312e-01  -8.3810680e-02   7.6087451e-01   1.8058429e-02  -8.9645714e-01   1.0688285e-01  -5.7831359e-01   1.1986221e+00  -4.9565372e-01   3.2737520e-01   8.7525296e-01  -5.2098058e-02   5.3467709e-01   9.3958938e-01   9.3741632e-01  -3.6847807e-02   3.9216489e-01   1.2945126e+00
   1.7473675e+00   4.8939586e-01   1.8793170e-01   2.2220060e-01   7.9703373e-01   1.1706232e-01  -7.3369992e-01   5.7279354e-01  -1.5857470e-01  -2.8633216e-01   1.0509717e-01  -1.3252433e-01   1.4769294e+00  -7.5888030e-02   1.1382910e+00   3.0327559e-01   6.3986796e-01  -4.9665800e-01  -8.1414974e-01   2.7872941e-01
   4.7707565e-02  -1.2806806e-01  -1.3862301e+00  -1.0631504e+00  -1.1581764e-01  -7.2807759e-01  -2.9634592e-01   1.0205926e+00   4.2128313e-01   2.8103307e-01  -1.1239786e-01   5.6830119e-02   2.7024326e-01   1.7173243e+00  -3.9259207e-01   5.8789486e-01   9.4070679e-01  -5.6706029e-01  -1.0667552e-01  -4.9425486e-01
   1.6732265e+00   4.3528417e-01   8.1405878e-02   9.8796308e-02   3.6650870e-02   7.2532040e-01  -1.0582263e+00  -1.5873547e-01   1.4155127e-01   5.4949361e-01  -7.1112253e-02   3.3520728e-01   1.7553467e+00   3.6975387e-01   6.5270102e-01   5.5202305e-01   8.5812044e-01  -2.6934144e-01   2.4945366e-01   2.5045657e-01
   1.2309508e+00   4.4748366e-01   1.6218520e-03   1.5074430e-01   3.5454291e-01  -5.6964946e-01  -1.5093991e+00  -2.6685056e-01  -5.3840303e-01   4.1499245e-01   3.6206391e-02  -2.1726569e-02   1.5535158e+00  -4.1305199e-02   1.3531002e+00   3.4709787e-01  -2.4485755e-01   1.0480380e-01   7.3880601e-01  -1.2234732e-01
   1.5772396e+00  -4.7344562e-02   2.6382780e-01  -1.2059152e-01   4.6670079e-01   5.4127625e-03  -9.0176767e-01   1.3309397e-01  -3.3799517e-01  -1.1238093e+00   7.1083099e-02  -9.5720686e-02   1.9787853e+00   8.1274107e-02   4.9540541e-01   1.9305545e-01  -4.5848496e-02   2.8675916e-02   3.3788222e-01   8.1474066e-01
   9.3644667e-01   3.0676719e-02  -2.9187393e-01  -1.6718036e-01  -1.0858952e+00  -1.2490388e-01  -1.5816678e-01  -1.1443448e+00   5.1684570e-01   1.1011568e+00   4.2259529e-02   8.4424846e-02   1.2330776e-01   3.0012512e-01   1.1567063e+00  -4.8983669e-01  -1.2354594e+00  -7.8615859e-02  -7.0525897e-01   1.1304719e+00
   1.3438791e+00   5.6264359e-01   1.0457136e-01   1.6621895e-01  -1.4618516e-01   9.6407808e-02  -5.6214011e-01  -1.3527862e+00   1.7366860e-02  -8.1354696e-01  -2.4495623e-01  -3.2730359e-01   1.0717317e+00  -2.4463082e-02   1.2349039e+00  -1.0689220e+00  -4.7586560e-01  -5.9191942e-01   6.0671836e-01   2.6674986e-01
   7.5906835e-02  -1.2479521e-01   6.1444378e-01  -6.7746579e-03  -2.8835574e-01  -1.7319552e+00  -1.2211961e+00  -1.3680679e-01  -5.5765782e-02   7.1512848e-02  -2.6651156e-01   2.7594814e-01   4.9793845e-01  -1.9778304e-01   8.0451095e-01  -1.3216424e-01  -3.0546445e-01   1.3095772e+00   1.2265114e+00  -7.6708984e-01
   1.2966292e+00   3.0286999e-02   1.4799102e-01   2.5651690e-01  -7.8122312e-01   4.5413431e-02  -7.5973278e-01  -1.4038761e+00   2.6219314e-01  -3.0888846e-02  -3.5283942e-02   2.5974000e-01   6.4376110e-01   2.8840092e-01   1.6956540e+00   1.3108671e-02  -3.0589181e-01  -4.9994704e-01   3.1870595e-01   1.0550743e+00
   7.1987885e-01   3.5673818e-01  -2.6373652e-01   5.4338697e-02  -5.4090214e-01   5.2909976e-01  -8.0889136e-01  -1.5975543e+00   6.3628286e-01  -3.1327277e-01  -2.6030588e-01  -4.2019421e-03   5.0368798e-01  -4.2367768e-02   8.9578187e-01  -1.2456604e+00  -2.1456791e-01  -1.0584189e+00  -9.3234754e-01  -5.3578871e-01
   1.3985109e+00   1.8340620e-01   1.5802979e-01  -1.2525527e-01  -6.1051255e-01   7.7588254e-01  -5.7091814e-01  -3.3548215e-01  -4.8219767e-01   1.1507117e+00   5.7337046e-01  -2.4825905e-01   1.5477250e+00  -2.2506788e-01   9.3132657e-01  -7.1646076e-01  -7.1075642e-01  -6.0524393e-02  -5.2149951e-01  -4.4952370e-02
   6.9797373e-01   1.9289586e-01   3.3156715e-02  -3.6925220e-01  -3.9841914e-01  -1.1285306e+00  -1.1100600e+00  -6.2725037e-01  -1.1012461e+00  -2.5969028e-01   5.8504246e-02   7.0825291e-01   1.0233954e+00   2.4797413e-01   1.1040127e+00  -5.2728081e-01   4.5617953e-02   7.8858024e-01  -7.5193149e-01   8.3660966e-01
   1.6454780e+00   1.4523330e-01   2.9790562e-01  -9.3345389e-02  -9.9361047e-02  -8.2172237e-02  -9.7422022e-01  -5.8641249e-01   9.1967350e-01  -1.3579138e-01  -4.0814468e-01   3.9632195e-01   1.2727237e+00   2.1219878e-01   1.0879309e+00  -3.7195390e-01   7.6377995e-02   3.8916242e-01   6.5146214e-01  -1.0525517e+00
   3.7654829e-01   1.0372756e-01  -1.7203246e-01   3.6380425e-01   3.3343834e-01   1.1661205e+00  -1.1665276e+00  -4.6800175e-01  -9.0094197e-01  -9.0718025e-01   5.8771666e-02   1.5386920e-01   7.0271307e-01  -1.4170578e-02   6.8456584e-01  -1.0849125e+00   1.1465160e+00  -3.5455725e-01  -7.0273650e-01  -9.4823503e-01
   1.2751081e+00  -2.3631021e-01   4.4758546e-01  -2.5008443e-01   1.0794363e+00  -5.4705568e-02  -5.8496839e-01  -1.0112798e+00   7.2026336e-01  -5.9595510e-02  -1.1162078e-01   4.7242886e-01   1.1534224e+00   2.2515565e-01   5.2377665e-01  -1.3299574e+00   1.0530808e+00   1.4579581e-01   1.5934211e-01  -4.2955729e-01
   1.0643793e+00  -1.9525623e-01  -6.4806566e-02   2.8300545e-01   6.7457926e-01  -1.1331069e+00  -4.0463296e-01  -9.2927235e-01   6.0581052e-01  -7.8192729e-01   1.3183568e-01   3.1632110e-01   3.6873838e-01   2.7765554e-01   6.1830956e-01  -1.0928764e+00   1.1327305e+00   9.3089229e-01  -9.0997148e-01   3.3930460e-01
   1.0556939e+00  -3.6513862e-01  -1.7484701e-01  -2.3595448e-01   6.4378107e-01  -2.4654621e-02  -1.5732694e+00  -4.1095045e-01  -6.9513899e-01   3.5156912e-01   3.9962828e-01   4.1327368e-02   1.2026840e+00   2.0677489e-01   7.4782968e-01  -4.7427663e-01   3.1569231e-01   6.7828822e-01  -7.7544808e-01  -1.1849644e+00
   1.0966307e+00  -1.3007895e-02   1.3932635e-01  -1.1631551e-01  -1.1825230e+00   9.7776961e-01  -5.3025383e-01  -8.8598305e-01   4.6202999e-01   3.6095679e-01   3.4217361e-01   2.1497948e-01   1.3000453e+00  -1.1185565e-01   1.1488321e+00  -2.7987376e-01  -9.7734526e-02  -1.2395340e+00   1.0392717e-01   4.2323768e-01
   1.1076977e+00   6.9243526e-01  -4.6428767e-01   5.5751834e-02   1.2480983e-01   8.0098444e-01  -6.5196472e-01  -1.0258214e+00   3.3320618e-01  -9.1067022e-01  -1.0909835e-01  -4.4180682e-01   1.3472176e+00   1.4031601e-01   3.8989344e-01  -1.0958573e+00   8.3329275e-02  -2.6995254e-01   1.1302016e+00  -4.9812335e-01
   8.9547074e-01  -1.3969390e-01  -3.7348762e-01   5.2166563e-02   6.0376960e-01  -4.1537443e-01  -1.1803976e+00  -7.2718471e-01   6.7468876e-01   1.0592396e+00  -4.2934918e-01  -1.7699794e-01   1.2431117e+00   3.5641436e-02   1.1028678e+00  -8.0982196e-01  -1.8204619e-01   6.8400806e-01  -9.1427809e-01  -1.6938834e-01
   1.0966368e+00  -4.5479365e-02  -1.8931486e-01  -2.8489832e-02   1.5016659e-01  -3.7988541e-01  -4.8044804e-01  -1.3992584e+00  -1.1843578e+00  -1.8647823e-02  -1.7513300e-01   1.2345092e-01   7.8577834e-01  -2.1444075e-01   6.4493591e-01  -7.7237570e-01   7.9629582e-01  -3.6379340e-01  -4.7763640e-01   1.5111520e+00
   6.8595701e-01   3.1914064e-01  -3.8812920e-02  -4.4157878e-01  -1.2304978e+00   1.0366883e+00  -7.3770362e-01  -5.2893203e-01  -8.6180121e-01   2.7493435e-01   5.4898839e-02   9.1255352e-02   7.5128013e-01   1.1247630e-01   3.3517843e-01  -7.1400583e-01  -7.9631376e-01  -8.2921243e-01   8.1942046e-01   1.3402531e+00
   1.1251096e+00   3.0162334e-01   1.0422070e-02  -3.2879445e-01  -9.7200513e-01  -2.7879345e-01  -9.8697090e-01   3.3497974e-01   1.1939987e+00  -2.1483626e-02  -9.8153301e-02   1.6176860e-01   1.1788813e+00  -5.4595880e-02   2.3579520e-01  -7.8997624e-01  -1.1592604e+00   1.2113258e-02  -4.1454324e-01  -1.1729946e+00
   1.0989751e+00   3.1288352e-02  -4.1162539e-02  -6.6905111e-02  -2.8545344e-01  -1.6867265e+00  -5.0917780e-01  -6.7872453e-01  -3.6726692e-01  -6.1321888e-02  -8.4578097e-02   1.1686300e-01   7.7547228e-01  -2.0206360e-02   6.3381559e-01  -2.2457197e-01  -5.4202372e-01   1.6504508e+00  -4.4451827e-01  -8.4255248e-01
   1.2319396e+00   5.5568284e-01  -1.3463393e-01   1.3787891e-01  -5.4328209e-01  -6.8091911e-01  -6.9222206e-01  -2.5748554e-01   4.5282796e-01  -1.2755686e+00   8.1962064e-02   9.3893684e-02   1.0381073e+00  -5.9629405e-01   7.6808584e-01  -8.4793770e-01  -1.2872967e+00   4.5605603e-01  -3.1802762e-01   5.2537322e-01
   1.2193596e+00   6.9696911e-02  -9.7072879e-03  -6.6948146e-02  -2.0831826e-01   1.2166814e+00  -1.1389896e+00  -1.2950835e-01  -1.0767673e-01  -8.0892193e-01  -3.7562004e-01  -1.5188044e-01   1.5190799e+00   1.9954270e-01   9.2616707e-01  -5.5655545e-01  -2.6263040e-01  -9.9881887e-01  -1.4543235e-01  -4.8282185e-01
   1.3046396e+00   1.7117053e-01  -1.2428518e-01   3.5472572e-01   2.4731220e-01   5.9624416e-01  -7.2947681e-01   1.1164716e-02  -2.4610586e-01   1.4552797e+00  -4.0434253e-01   6.6697782e-01   1.7014049e+00   1.8656442e-01   8.9730823e-01  -2.0899686e-01  -8.4508561e-02  -7.1415502e-01  -1.4361235e-01   2.7465859e-01
   1.7013111e+00  -6.8099864e-02  -8.2335295e-03  -3.2595280e-01   7.6272577e-02  -6.3391119e-01  -4.5380178e-01  -3.3307999e-01  -8.5206360e-01   7.3758942e-01  -4.4784069e-01   2.7261712e-02   1.4044718e+00   2.0493792e-02   7.5139564e-01  -1.9561389e-01   1.6928041e-01   1.3451149e+00  -5.7099509e-01   2.4258736e-01
   3.2082671e-01  -3.6157930e-01  -2.8083771e-01  -7.6091903e-01  -3.6684763e-01  -1.1291585e+00  -3.4240353e-01   5.6054425e-01  -1.4801817e+00   2.7658510e-01   2.8170097e-01   4.1375545e-01   7.6992458e-01  -1.2854107e-01   1.1589793e+00  -1.4488928e-01  -5.1359427e-01  -4.5406300e-01   4.4115644e-02  -1.5179000e+00
   1.2328161e+00  -4.8767302e-02   2.1307988e-01   1.9747794e-01   9.5423114e-01   6.9028711e-01  -9.1434968e-01   2.9213774e-01   9.7498500e-01  -3.6654639e-01  -5.3054336e-03   8.7525368e-02   1.0444050e+00   3.8356847e-01   5.7971716e-01  -1.3164617e-01   1.1910461e+00  -1.1759866e+00  -4.4700809e-02  -7.7296031e-01
   1.5875353e+00   3.2919550e-01  -6.6540606e-02   2.6278654e-01   7.1696579e-01   2.1875720e-01  -1.1616250e+00  -5.5989683e-01  -8.3615310e-02   2.5716659e-01  -5.2976761e-02  -3.5861966e-01   1.1640738e+00  -9.5284633e-02   8.9952409e-01  -1.4397724e-01   1.2080632e+00  -2.9687044e-01  -3.5099201e-02   1.0610299e+00
   7.3518568e-01  -1.8189143e-02  -2.2728179e-02   1.8748192e-01   7.5338477e-01  -7.8895181e-01  -1.4494760e+00  -1.5084432e-01  -8.3610338e-01   6.4083427e-01   3.4969613e-01   3.3372337e-01   1.2774227e+00   3.2398081e-03   1.3536707e+00  -3.1073892e-01   5.8026809e-01   7.9179609e-01  -6.3239805e-02  -4.8773733e-01
   1.6330651e+00  -5.2331178e-03  -3.6342949e-01  -6.9060348e-02   5.1968873e-01  -6.2618935e-01  -9.1231936e-01   2.5685335e-02   8.3140165e-01   9.9078104e-02   1.4737459e-01  -1.6765578e-01   1.4477741e+00   4.0675312e-01   1.4611707e+00  -7.5530745e-02   4.3426141e-01   5.9758484e-01  -3.4262247e-03  -4.7392968e-02
   1.1158836e+00   2.2409189e-01   1.1707634e-01   1.3835134e-01   1.0626473e-01   7.1999824e-01  -1.0342108e+00  -9.2077851e-01  -9.6387869e-01   5.4365599e-01  -1.3240066e-01   2.3542593e-01   1.4846594e+00  -2.3989797e-01   8.0980510e-01  -8.4808409e-01   5.0764102e-01  -2.4867743e-01  -6.9281328e-01   7.0051318e-01
   1.7041097e+00   3.9975631e-01   1.1966172e-01   2.0390445e-01   4.3557721e-01   3.4915841e-01  -6.0316477e-02  -6.3239455e-01   1.0790683e+00   2.6847901e-02  -1.3998520e-01  -2.3322657e-01   1.6977240e+00  -2.2913842e-01   6.9756609e-01  -5.4714543e-01   7.3330820e-01  -2.9280871e-01   4.5604622e-01   6.1140567e-01
   1.2269614e+00   5.3543262e-03  -2.7218100e-01   3.7994966e-01   7.8315474e-02  -1.1346120e+00  -1.0872954e+00  -4.0714967e-01   7.7082533e-01  -2.0114870e-01  -1.7562434e-01   2.2387101e-01   1.3000382e+00   1.5836420e-02   8.2796615e-01  -1.9060512e-01   2.1392940e-01   8.6099148e-01   1.2420394e+00  -4.2082772e-01
   1.4155276e+00   2.7392685e-01   1.8352626e-01   3.3410507e-01   2.7336112e-01  -4.9019614e-01  -1.0954125e+00  -2.2152922e-01   5.2728140e-01   9.6637988e-01   1.4407223e-01   8.2314881e-03   1.6661513e+00  -3.6475119e-01   9.0223616e-01  -5.7114738e-01   4.4052973e-01  -3.2013109e-01  -4.7771398e-02  -7.9435521e-01
   1.1520704e+00  -3.8819008e-02  -1.2465899e-01   1.0565186e-01  -1.2898065e+00   4.7295251e-01  -2.5137368e-01   8.6724728e-01  -9.6250826e-01  -1.2454698e-01  -6.3258207e-01  -1.9477028e-01   7.3921120e-01   9.9227376e-02  -2.6341432e-01   9.0256673e-01  -5.8967835e-01  -1.2106833e+00  -9.5636559e-01  -6.2729716e-01
   1.2403262e+00   1.7771916e-01   3.6847427e-01   2.3622366e-02  -1.2279530e+00  -2.0625317e-01  -6.8629086e-01   5.4906708e-01  -5.3585190e-01   8.2683766e-01  -1.3654692e-01   4.2572120e-01   1.5556773e+00  -3.0251610e-01  -1.1876525e-01   6.8857521e-01  -7.8474963e-01  -2.4217200e-01   5.6735164e-01  -8.9658272e-01
   9.8397434e-01   1.0940976e-01  -4.4139430e-01  -1.2748097e-01  -7.8506136e-01  -1.2013721e+00  -1.1884991e-01   8.9103585e-01  -9.1277647e-01  -3.2847607e-01   1.9867085e-01  -5.4608887e-01   7.8276753e-01   1.6423489e-01   1.3926367e-01   5.4482538e-01  -1.2120595e+00   1.2746083e+00  -1.6136511e-01   7.6592147e-01
   1.1820972e+00   4.5598185e-01   6.5392219e-03   2.9985684e-01  -8.1731355e-01   1.2340035e-01  -1.1062526e+00   1.0704341e+00   1.5479492e-01  -4.7744703e-01  -2.8257009e-02   7.3061191e-02   1.1253376e+00  -2.2384164e-01   4.0259796e-01   5.6565511e-01  -7.8693807e-01   1.3718969e-01   7.4316996e-01   1.4159552e+00
   4.3964392e-01  -4.0296727e-01   6.4091283e-01  -6.0847652e-01   1.2425771e+00   9.6890968e-01  -4.2924133e-01   7.2906691e-01   7.9378903e-01  -1.8613273e-01   4.1031817e-01   4.3168241e-01   6.8294907e-01   5.6396127e-01  -8.0653644e-01   1.3492807e+00  -7.9023832e-01  -3.5417020e-01   2.9924434e-01   7.4182069e-01
   1.8232728e+00   3.0868617e-01   1.4066449e-01   1.8785729e-01  -2.6107356e-01   3.9181728e-02  -5.6311810e-01   9.6981794e-01  -2.4246635e-01  -3.7306705e-01  -1.6101792e-02  -1.6721626e-01   1.4242605e+00  -1.5238816e-01   5.6213105e-01   7.0541811e-01  -1.1005646e+00   1.8534899e-02  -4.8401117e-01   8.1276107e-01
   1.2744498e+00   1.7165124e-01   4.1084692e-01   3.1470895e-01   6.1065748e-02  -9.6903443e-01  -9.7964817e-01   5.2584964e-01  -9.4423063e-02   9.4370335e-01  -3.2702327e-01  -7.2627082e-02   1.4007852e+00  -5.5797333e-01   2.8971970e-01   9.4447368e-01  -2.3297417e-01   5.4302877e-01  -9.0788376e-01   6.8181354e-01
   1.7851570e+00   1.0931402e-01   3.0720910e-01   3.0908814e-01  -6.9427532e-01  -4.9181402e-01  -4.5198542e-03   8.2700181e-01  -4.3982756e-01   1.0025984e-01  -2.6432070e-01   2.6917809e-01   1.7934723e+00   4.1153058e-03   3.7358510e-01   7.0242977e-01  -3.4404737e-01   7.7001506e-01   3.6917213e-02  -5.4359031e-01
   7.7718204e-01   2.9161474e-01  -3.7656018e-01   1.2844832e-01  -2.2697563e-01   1.2538068e+00   1.3661803e-01   1.1350536e+00   3.0474585e-01   1.0626481e+00  -1.3960409e-01  -3.5423988e-01   9.8000377e-01   1.5892142e-01   3.5407227e-01   1.2284321e+00   3.1995397e-02  -1.0217813e+00  -6.0425556e-01   9.0816468e-01
   6.8697619e-01   4.9530193e-01   1.6127093e-02   2.6224795e-01   6.6312426e-01  -1.8533832e-01  -8.9885432e-01   7.5746012e-01  -9.6236831e-01  -1.1965717e+00   1.7407607e-01  -1.1591329e-01   1.2737916e+00  -1.7434822e-01   1.3206977e-01   1.6907668e+00  -1.3307957e-01  -1.4863847e-01  -5.3135461e-01   3.2410255e-01
   1.2224668e+00   2.2596371e-01   2.1564931e-01   2.1426076e-01   8.4327751e-01  -5.7829279e-01  -9.2831486e-01   1.1866368e+00  -2.3033096e-02  -2.1484268e-01  -4.0216812e-01  -3.8418680e-02   1.1297092e+00   4.1453741e-02  -2.6241221e-02   1.4312732e+00   3.3961269e-01   1.1373810e+00   2.8525952e-01   1.3873176e-01
   1.1047204e+00   4.4742858e-01  -3.1403285e-01  -3.0247463e-02   8.7488633e-01   1.9311267e-01  -1.8140870e-01   1.1595193e+00   4.3760431e-01   1.0527387e+00  -2.8392335e-02   3.8811836e-01   1.3939160e+00   1.5322274e-02   7.7615404e-01   1.0035838e+00   1.0064087e+00  -5.8801815e-02   2.6418251e-01  -4.5784009e-01
   1.7195221e+00   2.6471782e-01   6.2033612e-02   4.9983010e-01  -1.8929785e-01   1.1192791e+00  -2.6464978e-01   5.3557730e-01  -2.3209949e-01   1.4183722e-01   8.7410846e-04   1.9119497e-01   9.5962524e-01  -2.1952105e-01   3.6694252e-01   7.4020135e-01  -1.7061129e-01  -9.4418752e-01   2.9362029e-01  -1.5182284e+00
   1.4979916e+00  -3.3758569e-01   1.6475937e-01  -7.0521586e-02   3.0238673e-01   2.8369549e-01  -3.4006411e-01   9.7676039e-01   1.0514997e+00  -5.1250464e-01   1.4433725e-01   1.0467242e-01   1.7070340e+00   1.2645163e-01   2.8621957e-01   9.6324867e-01   1.5739556e-01   7.0485003e-02  -9.6704501e-01  -2.5212696e-01
   1.2896653e+00   1.7060417e-01  -1.6048746e-01  -6.5070748e-02   5.8185574e-02  -5.8889455e-01  -3.0362204e-01   7.7548778e-01  -6.9422477e-01  -1.3236195e+00  -2.3024481e-02   7.8986390e-03   1.7437724e+00  -2.7507061e-02   3.5684007e-01   6.2188393e-01   7.2873443e-01   6.7047381e-01  -8.5246935e-02  -6.7526150e-01
   1.6862377e+00   4.5704225e-01  -1.3033013e-01  -6.6087097e-02   4.3178192e-01  -4.6952584e-01  -3.4902978e-01   8.5434669e-01   1.4161372e-01   8.0478919e-01  -3.9130479e-01   1.6660979e-01   1.2032061e+00  -3.0669490e-01  -7.1708553e-02   5.4664624e-01  -2.2129660e-02   5.5715346e-01   1.3218405e+00   9.5667064e-01
   1.5592330e+00   4.2550296e-01   9.6949913e-02  -2.5158745e-01  -1.0542141e+00   6.8935543e-01  -4.2122605e-01  -1.6186173e-01  -7.1950352e-01   8.4557720e-02  -1.7442262e-02   4.8785651e-01   1.5354117e+00  -1.1749928e-01   5.2067727e-01   4.3973303e-01  -1.0098834e+00  -6.1599618e-01   4.3263564e-01   5.8261222e-01
   1.6013768e+00   5.5836709e-03   2.0323218e-01   3.7079170e-01  -7.0970309e-01   8.2803600e-02  -6.6893834e-01   5.7816434e-01   6.0165554e-01   7.7620530e-01  -2.4094908e-01  -5.8394153e-02   1.8420115e+00   2.7474591e-01   3.5241470e-01   2.8077263e-01  -1.0584435e+00  -1.6267885e-01  -3.2993612e-01  -1.0670935e-01
   9.8508310e-01   8.9865476e-02   3.0288869e-01  -3.4628806e-01  -4.9841920e-01  -1.1080760e+00  -5.2531028e-01   2.3901837e-01   1.3022125e+00   5.5207467e-01  -2.3872447e-01  -1.3347463e-01   1.5722086e+00  -6.9946023e-03   3.0319500e-01   5.2902770e-01  -7.6730001e-01   1.1880881e+00   2.7124661e-01  -8.7355226e-02
   1.7451724e+00  -1.0627748e-01   1.7270276e-01   1.4545473e-01  -1.2277808e+00   1.0645185e-01   3.0720161e-02   4.8665401e-02  -1.6339280e-02  -6.0806096e-01  -5.2523863e-02  -8.1871234e-02   1.2822682e+00   4.9948567e-01   6.6939735e-01   4.2831203e-01  -1.1792555e+00   3.1053683e-02   5.8416116e-01  -8.5582995e-01
   1.7114040e+00   2.2741519e-01  -2.6920006e-01   4.6915781e-02  -3.6129329e-01   1.0619737e+00   4.3333936e-01   5.2389592e-01  -4.2686990e-01   2.0474297e-01   6.7047156e-02  -1.6366106e-01   1.7491045e+00   3.9663696e-01   7.0913821e-02   1.8607178e-01   6.8707220e-02  -4.6084130e-01  -8.4965122e-01  -8.7941927e-01
   1.3307631e+00   1.6319923e-01   3.9987698e-01   1.5238512e-01  -1.6574381e-01   2.5576630e-01  -2.0596944e-01   4.2197770e-01  -1.3948562e+00   8.7195957e-01   7.4588221e-01   1.3603078e-01   1.5023811e+00  -7.5115957e-03   3.0694904e-02   2.7084750e-01  -3.5710409e-01  -1.5540111e-01   1.3202838e+00  -4.4590047e-01
   1.6717072e+00   3.8875684e-01  -3.6797765e-01   4.1929570e-01  -2.6736897e-01  -7.2935414e-01  -1.0472814e+00   1.2167238e-01   1.5371428e-01   6.6127740e-02   1.3314608e-01   3.4240061e-01   1.5290670e+00  -3.4394392e-01   6.0184187e-01  -2.2625823e-01  -4.3031487e-01   5.9755808e-01  -9.8573333e-01  -6.9380701e-01
   1.6183301e+00   4.2698649e-01   4.1233823e-01  -4.6487805e-02   1.6573422e-02  -2.0303890e-01   1.4792527e-02   3.6945051e-01  -1.5979935e-01  -1.3500959e+00   9.2950933e-02   4.1670543e-01   1.8597730e+00  -8.2920089e-02   3.4446582e-01   6.7135438e-02  -2.4201369e-01   1.2408882e-01  -4.9814203e-01   9.5226395e-01
   1.2969959e+00   1.9891506e-01  -3.8090858e-01  -3.4245100e-02   1.4248928e+00   1.2680927e-01  -7.8951472e-01   8.4047161e-02  -2.7252206e-01  -6.1717474e-01   1.4287694e-01  -2.5750872e-01   1.1104561e+00  -4.1321352e-02   3.9060855e-01   3.9180988e-01   6.9214088e-01  -8.9690506e-01  -1.4311469e+00   2.0170856e-01
   1.7782981e+00   1.1437435e-01  -4.0175080e-02  -3.0003366e-01   9.1620153e-01   5.0448591e-01  -3.6644053e-01   4.8714420e-01   5.1712340e-01   1.9162147e-03   6.8589531e-02   2.4016213e-02   1.5090016e+00  -2.8878093e-01   2.5648466e-01   2.6703644e-01   1.0031806e+00  -3.6852735e-01   1.1319586e+00   2.7135015e-01
   1.2001486e+00   3.5397857e-01  -2.3477244e-01   1.2623738e-01   1.1696844e+00  -7.3977280e-01  -4.9939916e-01  -2.0259544e-02  -6.2506765e-01   8.9852327e-01  -7.4028187e-02  -1.8388616e-01   1.4860215e+00   2.6796391e-02   5.4287410e-01  -1.1676972e-01   1.2138290e+00   8.8615179e-01  -4.2924786e-01   2.1905903e-02
   1.5788176e+00  -1.5864270e-02   8.3542243e-02  -4.0730834e-02   7.4720865e-01  -6.5358949e-01  -2.8132871e-01   2.9916275e-01   4.2290413e-01  -1.0795615e+00  -1.0417219e-01   3.8128681e-02   1.8859098e+00  -5.9318878e-02   4.7824481e-01   3.5722181e-01   5.5323845e-01   5.0622487e-01  -5.3051597e-01   4.7687584e-01
   1.5528313e+00   3.8121428e-02  -3.2614353e-01   2.4392010e-01   6.6729426e-01   9.5341331e-01   1.6558369e-01   1.3819645e-02   6.7067671e-01   7.6791906e-01  -4.6683320e-01   1.4065682e-02   1.6290410e+00   1.1044718e-01  -3.7532516e-02   4.5950028e-01   4.6232879e-01  -6.4089316e-01   1.7745858e-01   1.1168542e+00
   2.0223687e+00  -1.4641812e-01  -8.7240517e-02   4.5493102e-01   2.3348926e-01   3.8179991e-01  -4.4340184e-01   7.9108626e-02  -4.3586016e-01   2.8440785e-01   4.0930761e-03   3.7291791e-02   1.9148474e+00   7.1763247e-02   4.1197661e-01   6.3740355e-01  -3.8849235e-02  -5.3475714e-01   2.3906708e-01  -6.3731152e-01
   1.6278526e+00   7.8304386e-01  -1.9235379e-01   4.6699977e-01   6.8160719e-01  -5.4482448e-01  -4.3875590e-01   5.4016274e-01   4.7040772e-01   1.2190910e-01  -9.0742841e-02  -2.6650578e-02   1.3624073e+00  -3.6314484e-01   1.1000109e+00   2.6006737e-01   3.7300009e-01   9.7191948e-01   4.7200963e-01   6.4716285e-01
   1.6434855e+00   6.4604783e-01   4.9224150e-01  -5.5568766e-02   4.3278360e-01   9.7283311e-03  -2.2587048e-01  -5.6486804e-02   6.5145361e-01   9.8498261e-01   4.9956676e-01   2.2092137e-01   1.4781227e+00  -5.2640158e-01   6.1257958e-01   1.6396186e-01   2.3428987e-01  -1.2187473e-01  -9.6982461e-01  -9.0952706e-01
   1.0707127e+00   2.1967390e-01   6.8284394e-03   2.9414999e-01  -1.7470037e+00  -5.2714996e-02  -2.7403384e-01  -2.8563565e-01  -5.2191293e-01   4.8463371e-01  -3.4371193e-03  -2.1966840e-01   1.2462591e+00   7.9366947e-03  -7.1307369e-02  -3.1034151e-01  -7.5360495e-01  -1.1016983e+00   7.2430193e-01  -9.9540949e-01
   1.0206478e+00  -2.5632703e-01   2.0848416e-02  -3.2076395e-01  -8.6786598e-01   2.7624679e-01  -1.0790217e+00  -1.0125222e+00  -8.6818951e-01  -1.2846915e-01  -8.7227337e-02   3.4155911e-01   1.5069073e+00   1.8488771e-01   5.2793163e-01  -7.1773291e-01  -8.9488584e-01  -5.0424701e-01   2.7628726e-01   8.0343181e-01
   8.4034795e-01  -4.5167718e-02   3.5450697e-01   2.8578782e-02  -1.4938979e-01  -1.1438612e+00   1.4367622e-01  -4.2862755e-01   1.6036977e+00   2.4152926e-01  -2.0982108e-01  -4.3934771e-01   1.1937658e+00  -1.7912883e-01   9.4768858e-01  -4.4728070e-01  -1.1106097e+00   9.8544443e-01   2.8987473e-02   4.7085632e-02
   1.1899135e+00   7.5309235e-01  -3.7236597e-02   1.9925873e-01  -9.8963070e-01  -4.6412486e-01  -5.1422864e-01  -8.6155754e-01   8.7367660e-01  -1.0517938e-01   8.6438365e-02  -1.5208334e-01   1.6210762e+00  -1.1211897e-01  -2.3223963e-01  -9.0544200e-01  -8.5492718e-01   7.7955222e-01   6.7688865e-03   3.4136772e-01
   1.3632468e+00   4.5082504e-01   9.9822439e-02   7.2294042e-02  -1.6433457e-01   1.4737684e-01  -5.5130545e-02  -1.0031492e+00  -1.3405200e+00  -2.6087797e-01   3.3818561e-01  -9.8887086e-02   1.5446402e+00   1.1142542e-01   2.4583627e-01  -1.1427935e+00  -8.6592907e-01  -4.9130690e-01   1.4069855e-01  -3.1638286e-01
   1.4771870e+00   1.7221481e-01   5.8158636e-01   4.4612259e-02  -2.6045150e-01   2.1547066e-01   2.0038734e-01  -8.5152817e-01   9.5920181e-01  -8.0525863e-01  -1.1624869e-01  -1.1704701e-01   1.6490649e+00   2.9242564e-02   6.1524665e-01  -7.2596008e-01  -2.9540700e-01  -5.7487738e-01  -2.2311386e-01   9.3778485e-01
   1.7095056e+00  -1.2968014e-01   1.9387449e-01   3.2175809e-01  -2.2896044e-01  -7.7316773e-01  -8.1521380e-01  -6.8362463e-01  -2.9474929e-02   3.6967784e-01  -1.2820700e-01  -3.2497350e-02   1.1464118e+00   1.1737984e-01   1.9915612e-01  -4.4238439e-01   1.2608047e-01   4.2964345e-01  -1.5796822e+00   8.5042143e-01
   1.8298405e+00   2.8370947e-01  -3.0889234e-02   3.1871244e-01  -8.4729052e-01  -1.6694313e-01  -4.1020623e-01  -6.1658406e-01  -4.1632998e-01  -3.3382423e-02   1.9686094e-01  -2.6698700e-01   1.5800894e+00  -5.1147658e-01  -3.4053233e-01  -1.0554433e+00   8.8700019e-03   7.3367351e-01   2.7796781e-01  -5.3490973e-01
   5.7668394e-01   3.0798534e-01  -3.8411385e-01  -1.7801154e-02   1.2341990e-01   1.2405710e+00  -2.7450416e-03  -3.6206359e-01   1.0983297e+00   1.2381619e+00  -3.4558065e-02  -1.3314728e-01   1.0097448e+00   4.0562950e-02   3.8082513e-01  -9.9637938e-01   5.1271385e-01  -1.5094513e+00   1.8572563e-01   4.9622065e-01
   9.8363167e-01   1.5973449e-01  -2.3593037e-01   2.9239774e-01   1.0931232e+00  -2.3943831e-01  -7.9289138e-01  -9.2063749e-01  -5.1327342e-01  -9.3479705e-01   1.8901661e-01   1.0239283e-01   1.5040388e+00  -1.3832481e-02   3.8060740e-01  -7.1792006e-01   1.3378699e+00  -3.3693397e-01  -3.4568357e-01   9.0966247e-02
   8.8261032e-01  -7.9963915e-02   8.9367494e-02   1.7945326e-03   1.8354902e+00   4.8223519e-01   1.1038246e-02  -5.3342456e-01  -4.7972479e-01   3.0040097e-01   3.8579476e-01   2.5426170e-01   1.0921062e+00   2.5690168e-01   1.5384088e-01  -3.3139935e-01   1.4770985e+00   7.5541312e-01   6.0675001e-01   5.2317494e-01
   1.3530965e+00   2.5548920e-01   6.0251253e-03  -3.3180371e-02   8.1008208e-01  -3.6568853e-01  -1.1856733e-01  -6.2363416e-01   4.0223101e-01  -1.3221154e+00  -6.7170542e-01   3.1057203e-01   1.2731932e+00  -1.9113448e-01  -1.1869159e-01  -9.3150252e-01   8.4951591e-01  -3.0172987e-02   7.4033067e-03  -1.0910437e+00
  -4.0491045e-02  -7.1775705e-01   4.4173956e-01  -7.7230155e-01  -6.2559295e-01   1.1050454e-01  -7.9412013e-01  -1.8422076e-01   1.4674507e+00  -6.8560064e-01   3.7657320e-01   6.3842791e-01  -3.3832923e-02   9.2947316e-01   4.8702744e-01  -4.3323672e-01   7.3881984e-01  -2.2135834e-01  -9.6109819e-01   1.2814380e+00
   1.7382962e+00   1.3262759e-01   8.6881608e-02   8.6088233e-02   3.2428563e-01  -1.7075810e-01   3.6168024e-01  -9.9386197e-01   5.6071430e-01   6.1520880e-01   1.9692628e-01   2.4421158e-01   1.5381728e+00   4.5911044e-01   1.9942546e-01  -7.9036748e-01   3.1629223e-01  -3.8075745e-01  -7.8290039e-01  -8.9578003e-01
   1.4766364e+00   4.7713664e-01  -7.4457247e-03   8.4500730e-02   5.8351564e-01  -4.3446022e-01  -1.5615895e-01  -1.3626982e+00   3.4033543e-01  -2.4142036e-01   1.5689121e-01   4.7883835e-01   1.1538640e+00   7.4055381e-02   2.2471018e-02  -1.4284950e+00   2.7800149e-01   9.5524836e-01   1.9956324e-01   5.8180672e-01
   1.6361380e+00   5.5084509e-01   4.8029175e-01   1.6536416e-01   9.1571701e-01  -9.4748624e-02   2.2983785e-01  -6.3906336e-01  -6.1474645e-01  -2.7375436e-01  -1.6860175e-01   3.3111674e-01   1.5889359e+00  -5.3036994e-01   1.0144266e-01  -9.3678415e-01   5.5843627e-01   5.8913022e-01   5.7982808e-01   4.1586629e-01
   1.4195155e+00   4.4978198e-01   1.2462373e-01   2.3185396e-01  -6.3314635e-01   1.0312258e+00  -5.4211330e-01  -1.3788088e-01   8.5549402e-01   4.5201319e-01   1.3287501e-01  -2.7871034e-01   1.2131011e+00  -1.0798528e-01  -2.0389143e-01  -3.6629713e-01  -1.3853374e+00  -5.5204803e-01  -9.5352447e-01  -3.3543769e-01
   1.3739593e+00   5.0350331e-02   3.7536952e-01   2.6586357e-01  -6.2518758e-01   3.0257660e-01  -4.9321920e-01  -1.7051269e-01  -1.2817004e+00  -7.0753556e-01   2.4388583e-01  -2.3766759e-01   1.6054213e+00  -2.0501421e-01   2.2823261e-02  -3.8470370e-01  -8.1984013e-01  -3.8764295e-01   9.7218376e-01   5.9039056e-01
   1.5087806e+00   6.7787590e-03  -3.8596845e-01   1.2043066e-01  -1.1089848e+00  -6.5263826e-01  -2.7923471e-01  -3.9153266e-01   2.7620059e-01   7.7247638e-01  -3.5666287e-01   3.8046576e-03   1.3793485e+00  -4.9157541e-02   1.1337455e-01  -3.1588098e-01  -1.0213543e+00   7.2414201e-01  -1.1710005e-01   1.1286561e+00
   1.8578558e+00   3.0796903e-01   4.2196162e-02  -2.8165095e-02  -3.6073944e-01   7.9354785e-02  -3.0149597e-01  -3.9128587e-01  -3.5392448e-01   9.7224265e-01   1.1088835e-01   3.6296165e-01   1.7408479e+00  -4.0068361e-01   5.2563375e-01  -4.9025255e-01  -8.4586793e-01  -1.4029598e-01   3.7046355e-01  -5.2517331e-01
   1.8942803e+00   1.3069889e-01  -5.1434445e-01   4.8053503e-02  -1.5085012e-01   9.3661720e-01  -1.7698872e-01  -1.5427145e-01  -1.6822265e-01   3.7990734e-01  -7.3608667e-02   2.4783918e-01   1.4745855e+00  -3.2552436e-01   5.8040029e-01   7.3980682e-02   1.9608878e-01  -8.2640094e-01  -1.2278480e-01   1.2545860e+00
   1.7788576e+00   3.9027897e-01  -4.9902342e-02  -2.7308015e-02  -5.4667538e-01  -9.2835270e-02  -1.6369571e-01  -6.1953902e-01   2.4417199e-01  -9.4994497e-01  -1.8987179e-01  -5.2075624e-02   2.1940873e+00  -1.7452648e-01   2.8337491e-01  -1.3409771e-02   1.1021793e-01  -1.0726442e-01  -9.7918235e-02   5.5101026e-02
   1.9467778e+00   4.7782421e-01   2.1576645e-02   1.4411134e-01  -1.6730659e-01  -7.4561256e-01  -4.6181738e-01   4.1640420e-03  -3.0745533e-01  -2.6221389e-01   1.8754007e-01  -2.9841997e-02   1.3985561e+00  -3.7908855e-01   7.3092288e-01  -3.9508712e-01   1.6728760e-01   4.9846488e-01   1.0644454e+00   8.7431848e-01
   1.9700989e+00   3.0357581e-01  -3.4371337e-01  -7.1033962e-02  -2.9138929e-01  -4.5649126e-01  -2.5365564e-01  -4.0929783e-02   4.3908292e-01   5.9267706e-01   4.3319099e-02  -3.5744417e-02   1.8619171e+00  -5.4112089e-01  -4.2697510e-01  -2.3214856e-01  -5.5052823e-01   2.7422231e-01   6.1939138e-01   4.8905352e-01
   1.1757295e+00   2.0300080e-01   1.6222032e-02  -7.9378933e-02   5.8343005e-01   1.5887129e+00  -6.4628595e-01  -3.2329458e-01  -3.2331127e-01   2.8062755e-01   2.0005499e-01  -3.0758855e-01   1.4180394e+00   1.5871407e-01   5.7768774e-01   2.0782222e-01   1.1839731e+00  -9.8773509e-01   7.5181678e-02   2.6336792e-01
   1.3209680e+00   1.5337509e-01  -5.7965882e-02  -6.5658271e-01   9.1389126e-01   5.8879513e-01  -4.5972013e-01  -9.7481632e-01   3.3535534e-01  -5.8404529e-01   1.1143709e-01  -2.1372174e-01   1.3673179e+00  -2.1638618e-01   7.1652180e-01  -1.8394621e-01   9.4771934e-01  -2.6247445e-01  -1.1540878e+00  -4.2343846e-01
   6.3694072e-01   6.2052095e-01   1.7706057e-01  -2.4451301e-01   2.6042214e-01  -1.5407899e-01  -1.4047241e-01  -2.3344903e-01   1.9843132e+00   1.2179152e-01   4.4366968e-01   8.0998057e-01   2.5700659e-01  -1.8350682e-01   3.0572841e-01  -9.3139127e-02  -3.0548457e-02  -2.8110099e-01   1.8953561e+00   5.2239007e-01
   1.5093087e+00   8.2112804e-02   1.0684631e-01  -3.3786599e-02   6.6586840e-01  -6.8453178e-02   2.1908283e-01  -4.0835601e-01  -5.0048316e-01   1.3376793e+00  -1.6121148e-01   1.0715324e-01   1.6516310e+00  -6.3075915e-02   1.6163322e-01  -1.9847968e-01   1.0988007e+00   7.8599936e-01   5.0757223e-01   2.8698066e-01
   1.2011846e+00   2.9693088e-01   2.6100408e-02  -4.4783774e-01  -1.1021937e-01   6.6170591e-01  -4.5869881e-01  -6.9913663e-02   1.2983911e+00  -9.5740932e-01   1.4968531e-01   3.3852404e-01   1.5391947e+00   9.7831286e-02   1.6739561e-01  -2.6722074e-01   2.9837569e-02  -1.2255853e+00  -6.7493373e-01  -6.5298641e-01
   2.0470681e+00  -2.2424252e-01   3.1884935e-02   1.0070319e-02   1.8652388e-01   5.0344712e-01   1.9808385e-01  -3.9260489e-01  -4.8982984e-01   1.9118226e-01  -6.1021883e-02   1.7508318e-01   1.7349049e+00   2.4507049e-02  -2.1221417e-01  -5.7115299e-01   2.2221334e-01  -1.1889222e-01   2.6683262e-01   1.2038114e+00
   1.6490176e+00  -1.2396387e-01   2.1089582e-02   4.4032857e-01   6.0318178e-01  -9.5084149e-01  -7.8856629e-01   1.0232556e-01  -1.6063726e-01  -3.8079000e-01  -3.8896868e-01   5.0141901e-01   1.9210980e+00  -1.9021611e-01   5.3171092e-01  -2.8642750e-01   3.3431610e-01   4.3866405e-01  -2.3840183e-01  -3.8039020e-01
   2.0417445e+00   1.0475903e-01   2.7207470e-02  -8.0445290e-02   3.2526445e-01  -2.1038532e-01  -5.9016156e-01  -5.4814106e-01   2.1092050e-02   1.1764615e-01   1.2729436e-01  -8.5969105e-02   1.6527555e+00  -2.0123254e-01   3.7176758e-03  -4.2411396e-01  -7.6472595e-02   1.5305048e-01  -3.4916839e-01  -1.3686612e+00
   4.7587538e-01   2.5871363e-01   4.4453627e-01   1.3933310e-01  -1.3724796e+00  -4.4059832e-02   1.5073355e-02   2.1149755e-01   1.0373408e+00   1.2177473e+00  -2.4858178e-01  -9.4441801e-02   3.6665663e-01   7.7446163e-02  -5.7603449e-01   1.5758486e-02  -1.1200266e+00  -1.7423437e+00  -3.7743884e-01  -1.5526636e-01
   7.2383475e-01   3.8318756e-01   1.4468652e-01  -1.5530588e-01  -9.1605115e-01   1.2440682e-01   5.2720481e-01   7.3334438e-01   1.2273874e+00  -1.0522979e+00   1.4493567e-01   1.1274254e-01   1.1743259e+00   4.9279377e-02  -3.8760066e-01   1.3954806e-01  -1.5113385e+00  -3.9154619e-01  -1.6999906e-01  -9.7403991e-01
   5.6078422e-01   2.7926481e-01   1.2166497e-01   7.0048876e-02   1.5605611e-01  -1.7521790e+00  -4.8775566e-01   1.0022320e+00   1.2775860e-02   5.0079894e-01   1.9887386e-01   2.4843553e-01   7.7730972e-01  -4.8436782e-01  -1.8326819e-02   1.2293861e+00  -3.4447718e-01   1.1771384e+00   1.3002770e-01   1.0133871e+00
  -6.4157611e-01   3.4474459e-01   9.3360052e-02   4.5892486e-01  -4.1441298e-01  -3.2572272e-01  -1.0754818e+00  -9.5231563e-02  -1.3318800e+00  -1.0162358e+00   6.2632138e-01  -3.2577771e-01  -1.2354940e-01  -4.6601889e-01   4.2704755e-01   3.0365422e-01   1.0560991e+00   1.4292103e-01   1.3005581e+00   1.0804418e+00
   1.1725334e+00   2.8649905e-01  -5.0870150e-02  -2.0764041e-01  -4.7322300e-01   5.5537313e-01   1.8954669e-01   1.6553646e+00   4.3444154e-01   1.0141483e-02   1.8718860e-01   2.2142148e-01   5.1600255e-02  -2.5742120e-01  -4.7276857e-01   1.8937682e+00  -1.9503608e-01  -7.7019894e-01  -4.6750924e-01   4.3281320e-01
   1.1568991e+00   2.9253429e-01  -7.2465437e-03  -3.0820793e-01  -6.8910629e-02   3.8582530e-02  -9.7441934e-02   1.5178139e+00  -1.0601873e+00  -1.9358423e-01  -1.3492569e-01  -2.1557322e-01   1.0289485e+00  -1.6797179e-01  -8.0179673e-01   1.3986253e+00   3.9039129e-01  -5.7087326e-01  -6.7941880e-01  -5.5626500e-01
   9.0303332e-01   3.0882186e-01   2.2617680e-01   2.1231300e-01   4.3667439e-01  -7.7509773e-01   4.3642110e-01   1.4017801e+00   1.6924265e-01   1.0086486e+00   4.9290013e-01   9.4742933e-03   9.8079103e-01  -2.7031875e-01  -8.1960297e-01   1.2359242e+00  -4.2573261e-01   9.5127678e-01   1.1815932e-01  -6.5003192e-01
   1.4683118e+00   6.2903595e-01  -2.7995460e-02   8.7900192e-02  -6.3402772e-01  -4.7780377e-01   9.4652957e-01   9.4444495e-01   1.4155312e-01   4.0566366e-02  -3.1888571e-01   1.6912657e-01   1.2614286e+00  -1.8038847e-02  -1.2078600e+00   4.4322309e-01  -3.7748301e-01   5.1572990e-02   8.9345360e-01   8.2425463e-01
   4.9198028e-01   3.6834988e-01   2.5025135e-01   2.8565145e-01  -7.0548868e-01   8.7227035e-01   1.1551245e+00   1.2579434e+00   3.9510185e-01  -3.8293767e-01  -6.1312541e-02  -1.2906159e-01   1.3544093e-01   1.4583722e-01  -9.2979431e-01   6.6755754e-01   4.1018623e-01  -1.3076892e-01  -1.2292005e+00   1.3905156e+00
   9.7619075e-01  -1.9733246e-01   3.3047882e-01   3.0000523e-02   9.1957647e-01  -3.4699896e-01   8.5498440e-01   7.1596265e-01  -9.5124149e-01   8.8515800e-01   4.1267702e-01   6.8044037e-02   9.8806131e-01   4.5559432e-02  -1.0594122e+00   1.3444656e+00   9.1035956e-01   2.6871166e-01   1.0896967e-01   6.2844202e-02
   6.1517030e-01   1.2900762e-01  -9.5523760e-02   4.0441659e-01   3.9701771e-02  -1.3761020e+00  -6.9347167e-01   8.7537169e-01   8.2701921e-01   7.7837831e-01   3.6277774e-01  -1.6682456e-01   4.0622827e-01   8.4435709e-02   8.7623990e-01   1.0791349e+00   6.4605957e-01   1.0994953e+00  -2.4650209e-02   1.0531818e+00
   8.4600604e-01  -6.2801130e-02  -7.1532935e-02  -7.5605601e-02   6.9126570e-01   2.6304930e-01   1.1820071e+00   1.4744275e+00  -3.6865485e-01  -1.2437589e-01  -2.5752339e-01   5.0168216e-01   8.8745576e-01   1.5142240e-01  -1.4090052e+00   3.7405619e-01   9.2652041e-01   3.9786404e-01  -1.4573945e-01   8.4160608e-01
   8.7506062e-01   5.2397341e-01  -1.1322705e-01  -3.4375599e-01   3.0091837e-01   1.1757964e+00   5.0827378e-01   1.0904590e+00  -5.0229579e-01   8.0990058e-01   1.6362700e-01   2.8087297e-01   1.0998967e+00   3.1459272e-01  -9.2829150e-01   7.7937669e-01   7.2096896e-01  -1.1431389e+00   1.0310896e-01   5.2843952e-01
   1.1914065e+00   5.9333390e-01   8.5517220e-02   9.7945906e-02   7.2544981e-03   2.1944577e-01   8.8686943e-01   1.2992619e+00   6.6127765e-01   5.0148022e-01   6.1001640e-02  -4.3229986e-02   1.6759539e+00  -3.6636135e-01  -5.2184123e-01   1.0879444e+00  -1.2989110e-01  -3.9817020e-01   4.2753568e-01   4.8706037e-01
   9.4936407e-01   4.0779370e-01  -1.7000401e-01   2.9369059e-01   4.7130507e-01  -9.3462431e-01   1.2278328e+00   9.5244241e-01   2.8233492e-01  -4.7662601e-01  -2.4944882e-01  -1.2537372e-01   1.1147257e+00  -3.3753029e-01  -6.2937558e-01   8.0828178e-01  -2.2469099e-01   9.3521100e-01  -6.4752066e-01  -1.0824486e+00
   1.2477387e+00   5.3868169e-01   3.3561926e-02  -1.9244907e-02   7.7255905e-01  -4.5697132e-01   6.9270754e-01   1.0816422e+00  -6.8432748e-01  -4.7718501e-01  -9.2618480e-02   4.2236242e-01   1.3142116e+00  -7.2065376e-02  -1.2235346e+00   7.5718963e-01   1.7483027e-01   5.5875713e-01  -7.8671032e-01  -2.2051178e-01
   8.5267019e-01   3.3402169e-01   4.2461762e-01  -1.1845731e-01  -9.7459304e-01   1.1031307e+00   3.8822529e-01   4.7479814e-01  -1.1728380e+00   2.2050107e-01  -2.5144294e-02  -3.9831209e-01   1.2060424e+00  -7.4191883e-02  -8.5527706e-01   2.2979955e-01  -1.3063867e+00  -5.6462300e-01   4.3175709e-02   7.5435805e-01
   1.4263480e+00   3.4708083e-01   2.8369078e-01  -1.7536622e-01  -1.1917363e+00   1.6695943e-01   2.4739151e-01   2.8384247e-01   8.4965545e-01  -6.4964449e-01  -2.3668289e-01   3.7142184e-01   1.5806305e+00  -3.6472455e-02  -7.3305112e-01   2.5587073e-01  -7.2881007e-01  -2.0698534e-01  -1.0614220e+00  -5.3352226e-02
   9.3785721e-01   3.2330537e-01   5.6932181e-01   2.9436129e-01  -9.5228708e-01  -1.3421469e+00   3.1646794e-01   2.5483781e-01   6.6348976e-01  -5.3999972e-01  -2.0988025e-02   2.9003656e-01   6.6480869e-01   6.5168701e-02  -4.1430214e-01   2.5171882e-01  -7.1261394e-01   1.8959754e+00  -3.1978527e-01   1.7148986e-01
   7.5437474e-01   6.3358968e-01  -5.0102741e-02   2.4083744e-01  -3.9416096e-01  -4.7503933e-01   9.4827694e-01   3.5600460e-01  -1.4400455e+00   6.9874525e-01   7.8222334e-02   7.6853895e-01   1.3728311e+00   1.2847710e-01  -7.1598428e-01  -7.9463810e-02  -9.2961794e-01   9.3456244e-01   9.2144065e-02   4.8684996e-01
   1.3908157e+00   1.3877010e-01   2.7928831e-02  -1.1888719e-01  -1.7277366e-01   1.1192421e+00   1.0686809e+00  -2.2873771e-01   7.2456992e-01  -1.7177251e-01  -2.5148407e-01   3.3838239e-01   1.4789968e+00  -5.5920124e-01  -7.5461566e-01   6.4196604e-01  -7.5011688e-01  -5.9362507e-01  -5.5601737e-03  -6.5226787e-01
   1.8015900e+00   7.0902564e-02  -2.2921246e-02  -5.4605484e-02  -8.0417037e-01   7.9169738e-01   4.2886940e-01   1.6695714e-01   4.6743330e-01   2.0485958e-01  -2.2690073e-01  -2.8686059e-01   1.6686391e+00  -9.0990618e-02  -7.5719947e-01   3.4967679e-01   2.7797213e-01  -3.1222612e-01  -1.0922841e+00   1.0064153e-01
   1.4339565e+00  -4.5212257e-01  -2.7696377e-01  -2.2704621e-01  -1.4733900e-01  -1.2982605e+00   6.7502677e-01   4.4377542e-01   2.2077890e-01   4.5007181e-01   4.0253136e-02   7.4738070e-02   1.8798056e+00   1.1964067e-01  -5.8949375e-01   1.4110583e-02  -3.6627197e-01   8.6065668e-01  -1.6041328e-01   4.4327408e-01
   1.2218078e+00   4.1848263e-01   6.8172592e-01  -4.0009591e-01  -4.6715483e-01  -1.1655697e-01   3.2914349e-01   1.4586273e-01   1.0935116e+00   1.0723959e+00  -1.6276167e-01   7.9774559e-01   1.4020077e+00  -1.3110442e-01  -5.6614786e-01   5.8330578e-01  -4.2134318e-01   3.8223943e-01   1.6293381e-01  -1.1590270e+00
   1.1036862e+00  -1.6496421e-01  -2.2081378e-01   3.6370695e-01   8.4498227e-01   9.0758157e-01   6.1613363e-01  -1.6373196e-01  -1.1999922e+00   4.3533033e-01   5.5719502e-02  -2.4322712e-01   1.1430246e+00   1.6896181e-01  -3.9100128e-01   3.3261549e-02   8.9363438e-01  -1.3859546e+00   5.5134416e-02  -8.5217512e-01
   1.5549334e+00   3.8542038e-01   3.2916903e-01   1.5825780e-01   3.9516118e-01   1.3045402e-01   1.2824754e+00   3.6230206e-01  -4.4189277e-01   3.9470088e-01  -2.6778394e-01   1.4705038e-01   8.2469469e-01  -3.0388063e-01  -1.5128249e+00   8.6660832e-01   7.1662086e-01  -5.3465110e-01  -2.7415743e-01  -4.6903574e-01
   1.1518170e+00   1.3748890e-01  -1.9569000e-02  -8.4619731e-02   7.5466084e-01  -1.5697219e+00   4.6992174e-01  -2.8139418e-01   3.5223866e-01   4.3502840e-01   3.7463179e-01  -1.8260729e-02   1.3221624e+00  -2.1320343e-01  -4.7536168e-01   2.5636656e-02   7.0469040e-01   1.3054935e+00   4.4789177e-01  -6.6152376e-01
   1.3947459e+00   2.5365523e-01   9.1311894e-02   4.9630013e-01   1.1075423e+00   5.6995500e-02   3.6731505e-01   1.0056850e+00  -5.2479988e-01  -2.8992227e-01   1.5003648e-01  -3.9396834e-02   1.4826087e+00  -4.8279178e-01  -8.4103525e-01   7.8215152e-01   7.8306687e-01   2.9142898e-01   6.3201827e-01  -3.5783753e-01
   1.3502065e+00   5.7296854e-01  -3.8984621e-01   5.6956887e-02   3.3956680e-01   3.5820910e-01   3.1095102e-01   7.6667285e-01  -1.1115562e+00   7.2785366e-01  -2.8705932e-02   3.2782835e-01   9.5458668e-01  -7.3420441e-01  -5.7558089e-01   5.7320070e-01  -3.6688861e-01  -1.0628083e+00  -1.5386780e-01   1.2221769e+00
   1.1998875e+00   3.7288466e-01   1.8105413e-01  -9.4482221e-02   7.8481197e-01   3.7391931e-01   5.7848406e-01   1.8732435e-01   1.2827128e+00  -7.8018427e-01  -6.3660043e-01  -1.4508574e-01   1.6643094e+00  -2.7483486e-02  -7.5391650e-01   3.9508748e-01   3.4694651e-01  -5.8735758e-01   5.0256187e-01  -6.0049504e-01
   1.0575932e+00  -6.7590594e-02   8.7222852e-02  -8.2427062e-02   6.6836786e-01  -1.1796911e+00   3.0622646e-01   2.0038085e-01  -1.3746321e+00   2.4469446e-02  -3.9191894e-02   3.1795004e-01   1.6945004e+00   1.9667357e-01  -6.9570291e-01   5.7502204e-01   3.7076405e-01   8.5309893e-01  -1.8498990e-01   5.2272499e-01
   1.9061902e+00   1.3144177e-01   5.7444248e-02   3.9853710e-01   1.0174850e-01  -1.3947229e-01   4.3033645e-01   3.0465734e-01  -1.6922604e-02  -9.3751448e-01  -7.7100545e-02   1.9369155e-01   1.5169215e+00  -3.0756596e-01  -1.1075661e+00   4.3275630e-01   2.6922247e-01   9.8463476e-01  -1.9228131e-01  -2.6067585e-01
   1.0022168e+00   5.3882442e-02   2.1634243e-01   1.2091530e-01  -6.5986949e-01   8.8498938e-01   2.7804328e-02  -1.2447007e+00   1.7647882e-01  -1.0636739e+00   2.6427719e-01  -2.8671306e-01   5.5153525e-01  -1.1789561e-01  -4.0944658e-02  -1.5770472e+00  -3.7153786e-01  -1.2230062e+00   1.4593218e-01   6.2131083e-01
   1.1303518e+00  -3.5742298e-01   4.2281926e-02   2.8346494e-01  -8.2097405e-01   3.4535280e-01   1.3133004e+00  -9.7235656e-01   1.7952373e-02   2.2043155e-01   2.8046846e-01  -5.0460219e-02   6.8727869e-01   2.5955409e-01  -1.1133007e+00  -8.1148642e-01  -1.1499900e+00  -1.1167572e-01  -9.2191631e-01  -5.4428393e-01
   1.2435055e-01  -9.1672644e-02   4.3857142e-02  -1.0289717e-01  -2.0499001e+00  -2.5126034e-01  -1.9502074e-01  -6.9231254e-01  -1.3868232e-01  -4.0229040e-01   1.0604130e-02   3.6863551e-01   1.0734881e+00  -1.8749884e-01  -5.1618272e-01   9.3904063e-02  -1.8037899e-01   1.4389248e+00   1.1310430e+00   1.3748071e-01
   1.0995620e+00   4.6217424e-01  -1.6979814e-01  -2.3169379e-01  -6.1003566e-01  -5.7433039e-01   5.9707069e-01  -4.7887120e-01   1.1862588e+00  -8.9432889e-01  -2.1971999e-01   2.3155902e-01   1.0191636e+00   5.5414788e-02  -8.5461628e-01  -7.8286785e-01  -9.8598009e-01   6.7872208e-01  -1.2553269e-01  -1.0317504e+00
   7.8591692e-01   5.8396584e-01   1.4579116e-01  -8.1951305e-02  -6.4933503e-01   1.1137552e+00   9.2249334e-01  -7.3777509e-01  -8.3730978e-01   5.0484353e-01  -2.1805669e-01  -2.0759818e-01   1.2862173e+00  -6.1473058e-04  -5.0236356e-01  -6.8188566e-01  -8.0941486e-01  -1.2383611e+00  -3.4104046e-01  -4.8235050e-01
   1.3219258e+00   6.1330056e-01   4.9552687e-02   2.8246024e-01  -2.7558032e-01  -6.2314206e-01   1.0277792e+00  -2.3959112e-01   1.0996948e+00   8.2596645e-02   3.1922180e-02   2.1038368e-01   1.0502404e+00  -6.2624472e-01  -1.3094232e+00  -6.0312825e-01  -1.1948973e-02  -1.6127931e-01  -5.2339703e-01   1.0397506e+00
   8.6200792e-01   1.0791545e-01  -7.0991414e-04   4.3827847e-01  -1.2116108e-01  -8.6494160e-01   7.1386796e-01  -1.3764971e+00  -4.6521029e-01   8.1831032e-01   7.5202607e-02  -2.0172384e-01   8.7651300e-01   1.8648912e-01  -1.4544728e+00  -1.0367525e+00   1.1698572e-01   8.1971389e-01  -4.8465386e-01  -1.9936509e-01
   8.3300859e-01   2.1178983e-01   2.7290678e-01  -2.8575560e-01  -1.2969083e-01  -4.2141050e-01   8.1826472e-01  -6.6286862e-01   6.5395212e-01  -1.5408101e+00   6.7119271e-02  -9.6140452e-02   1.3655220e+00  -2.5095689e-01  -8.1305367e-01  -1.0477483e+00  -7.3606467e-01  -3.4280658e-01   5.3545839e-01   5.9478247e-01
   7.3499970e-02   7.8145570e-01   4.8176292e-02  -1.4198861e-01   5.9358132e-01   1.5819122e+00  -1.4884795e-01   5.4003322e-01   8.1976336e-01   7.2170275e-01   4.1089553e-01   1.5628776e-01   3.8314524e-01  -1.8421565e-01   1.9572750e-01   2.0103450e-01   1.2359217e+00  -1.6952356e+00  -2.0250107e-01   3.2395437e-01
   1.0091637e+00   7.2372153e-02  -8.8641733e-02   1.8311684e-01   6.6642725e-01   2.5158206e-01   1.0030041e+00  -9.8017454e-01   1.0207615e+00  -6.4717060e-01  -2.3872730e-01  -1.2846796e-01   8.2970494e-01  -1.6930445e-01  -1.2204472e+00  -1.1139846e+00   1.3886167e-01  -2.6001963e-01   1.1016755e+00   4.2237031e-01
   3.5998935e-01  -9.5840059e-02   5.7785881e-01   3.0955231e-01  -4.1882959e-01  -1.6324366e+00   1.5298364e-01  -1.0415567e-03   2.3766606e-01  -1.2293578e+00   3.6355659e-01   3.5707843e-02   4.1335738e-01   4.9594122e-01   1.5172613e-01  -1.6912190e+00   1.2743945e-01   7.5990655e-02   6.5937424e-01  -1.0534216e+00
   9.1116673e-01  -2.9176727e-01   1.9841504e-01   1.5011881e-02   7.3152202e-01  -1.1965047e-01   3.0233678e-01  -1.1958132e+00  -7.2938883e-01   1.2009280e+00   4.0742296e-01  -2.5208315e-01   1.4709053e+00  -4.2769569e-01  -1.0560030e+00  -8.9234650e-01   6.7122746e-01   2.0461254e-01  -1.8707518e-02   1.4066921e-01
   1.3145003e+00   3.9598224e-01  -2.6935059e-01  -1.5346870e-02   8.2040265e-02   8.1600207e-01   1.3847691e+00   2.3067491e-01  -3.0417129e-02  -6.3102299e-01  -2.1668610e-01   2.3731684e-02   1.0049756e+00   1.4329964e-01  -9.6245104e-01  -1.1615435e+00   8.3681053e-01  -4.2668778e-01   2.0372845e-01  -8.5009319e-01
   1.4424431e+00   7.7471510e-02  -2.9529542e-01   2.0455422e-01   2.0501293e-01   3.8021702e-01   1.0225688e+00  -1.2017063e+00  -1.7542137e-01   2.7785102e-01  -1.2702771e-02  -1.8270172e-01   1.4760844e+00  -3.3833331e-01  -1.2561469e+00  -2.6245552e-01   4.3233600e-01  -3.7737927e-01   2.4008556e-01   7.9962856e-01
   1.4104443e+00   6.1094895e-02  -3.6311965e-02  -1.9867413e-02   4.7358614e-01  -1.0342758e+00   6.1555403e-01  -9.5677620e-01  -4.4342366e-01   4.6929657e-01   2.6613638e-01   2.6471829e-01   1.0003788e+00   9.4180092e-02  -6.3283390e-01  -7.2475451e-01   2.5796068e-01   1.1430767e+00  -2.0141788e-01   1.2288134e+00
   7.7372961e-02   6.4155954e-01  -1.0615512e-01  -7.4816442e-01  -4.3761161e-01   2.1139051e-01   8.0741137e-01   2.9181591e-01  -1.7381922e+00  -1.2970510e-01   1.2819010e-01   6.1974460e-01  -1.7779095e-01  -7.5475651e-01  -4.5335490e-01   2.3625296e-01   8.3199304e-01   2.3934744e-01  -1.7282376e+00  -2.3798542e-02
   6.1313170e-01   5.7589197e-01  -8.9876592e-02  -3.0188590e-01  -1.4698114e+00   9.9108315e-01   4.1310802e-01   1.6141391e-01   9.5824018e-02   9.1908562e-01  -9.3264073e-02   2.0290750e-01   1.0459993e+00  -5.9226537e-01  -1.9235753e-01   2.3863970e-01  -1.4339668e+00  -5.4578966e-01   9.4263279e-01   4.1058928e-01
   1.0691878e+00   1.8926084e-01  -1.1006035e-01   2.9125494e-01  -1.2955998e+00   3.9306223e-01   1.1520404e+00  -1.7950144e-01   6.3720363e-01  -3.5433373e-01  -2.6484674e-01  -1.9892870e-01   1.6511698e+00   5.9264626e-02  -1.1860405e+00  -3.6807963e-01  -6.1379552e-01  -1.1764961e-01  -4.1193458e-01   2.4074480e-01
   6.0457283e-01  -7.8799173e-02  -1.7182802e-01   1.6404150e-01  -1.3832963e+00  -4.1027260e-01   9.5765793e-01  -2.1362258e-01  -2.7831101e-01   1.2040826e+00  -4.7238120e-01  -3.4304380e-02   1.0499171e+00   1.9787191e-03  -4.2272034e-01   1.7441985e-01  -1.2389318e+00   4.7487217e-01  -8.3171511e-01   1.0059968e+00
   1.4072469e+00   2.3062801e-02   3.4711652e-02   9.5826890e-03  -1.3282824e+00  -5.6406111e-01   3.9197147e-01  -2.0611802e-02  -1.7231898e-02   8.8372266e-01  -9.1035478e-02   2.7492058e-01   1.0118611e+00  -4.2970309e-01  -1.2627748e+00  -2.0505266e-01  -1.0546480e+00   8.2729356e-03   3.1737748e-01  -9.2622739e-01
   1.1654536e+00  -1.0102232e-01  -3.7005502e-01   2.3686561e-01  -1.9068485e-01   5.4331720e-01   7.3184639e-01  -2.7695742e-01  -9.3790138e-01  -1.2708064e+00  -1.0445430e-01   8.8296570e-02   1.1345811e+00  -1.8558805e-01  -1.5094069e+00  -1.2427821e-01  -3.1379801e-01  -1.1049438e+00   1.9577129e-01  -9.0141185e-02
   1.4848291e+00  -2.2343314e-01   5.4778159e-02  -1.1107181e-01  -5.7453680e-01   3.9203954e-01   9.5166892e-01  -6.8275884e-02  -1.1523279e+00  -8.9668207e-02   3.2614499e-01  -2.5516021e-01   1.8154489e+00   6.8139344e-02  -5.2996355e-01  -1.0184824e-01   1.1692249e-02  -5.0775063e-01   8.4500200e-01  -5.1460189e-01
   1.2965004e+00   4.8587460e-02  -1.4515480e-01   3.1756222e-01  -7.6585233e-02  -1.0355766e+00   1.0582252e+00  -3.4687737e-01  -7.9614377e-01  -4.9246001e-01  -4.6465778e-01  -4.2377575e-03   1.3443557e+00  -6.8907022e-02  -2.0326559e-01   1.2629916e-01  -4.9333934e-02   6.9446927e-01  -1.4432026e+00  -5.8924651e-01
   1.8878495e+00  -2.3013836e-01  -5.2409712e-02   3.7005922e-01  -3.6454841e-01  -4.0914649e-01   8.0024415e-01  -1.2976831e-01  -2.3062783e-01   4.8234349e-01  -3.6399178e-02   3.5041007e-01   1.6653171e+00  -8.8492796e-02  -1.0538659e+00  -6.1758173e-01  -3.6263001e-01   1.8635206e-01   6.4463687e-01  -1.4474627e-01
   1.2221558e+00   3.6533251e-01   1.6661738e-01   1.2179325e-01   5.6485766e-01   1.2705950e+00   7.1572047e-01   4.2726132e-01   8.3432281e-01   7.6773278e-02  -8.1337340e-02  -1.4029382e-02   7.9422426e-01  -6.4177863e-02  -4.2731801e-01  -7.2109962e-01   9.8983878e-01  -6.1884612e-01   4.8919541e-01   1.4330484e+00
   1.6797742e+00   1.4842515e-01  -4.3470219e-01   4.9576797e-02   7.6636195e-01   3.3939686e-01   6.6682035e-01  -8.1646636e-02  -8.4697825e-01  -3.0613193e-01  -3.7426777e-02   2.2583616e-01   1.6422309e+00   2.7395472e-01  -5.9885687e-01  -4.8617935e-01   9.5399308e-01  -3.0177802e-01  -3.6229995e-01  -6.6946971e-01
   7.7730972e-01   2.4014084e-01  -1.5251692e-01   4.0129510e-01   1.1078951e+00  -3.0820137e-01   1.0907354e+00   4.2924795e-01  -1.0705991e+00  -5.5790955e-01  -3.0363542e-01   4.4703448e-01   8.9819998e-01  -3.0775985e-01  -7.4694699e-01   6.5871960e-01   5.6625038e-01   8.6899763e-01  -9.4833690e-01   9.1624540e-01
   1.2488005e+00  -2.7160633e-02  -1.5828842e-01  -6.3049549e-01   3.0354327e-01   7.9353243e-02   8.1529784e-01  -1.5131524e-01   1.4710220e+00  -2.5929147e-01  -2.0584007e-01   2.1266130e-01   1.3152266e+00  -9.7742505e-02  -8.8090461e-01   4.1229492e-01   9.9419206e-01   2.1627998e-01  -4.3369281e-01  -1.0018812e+00
   1.7084966e+00   2.3860240e-02   2.8350052e-01   2.2851914e-01   4.0604943e-01   1.0796176e+00   2.7127007e-01  -6.1211723e-01  -3.8678625e-01  -1.3981313e-01   8.3757116e-04   2.8016067e-01   1.5207287e+00  -6.6624418e-02  -7.8325289e-01  -7.2523808e-01   3.0269563e-01  -8.1991541e-01  -4.6241650e-01   6.9805759e-01
   1.4515058e+00   1.9582711e-01  -1.3236088e-01   2.3386626e-01   1.6692016e-01  -6.2544145e-02   1.2397057e+00  -4.6989832e-02   5.5650103e-01   9.4974971e-01   1.1283965e-01   3.3103782e-01   1.4692307e+00   1.8108828e-02  -1.4140099e+00  -2.1341206e-01   4.1151276e-01  -4.7751985e-02   2.8688347e-01  -6.4793509e-01
   1.6185721e+00   3.7198339e-02   5.2847449e-02   3.3349100e-01   4.3721923e-01  -8.6628997e-01   4.8708105e-01   1.0257519e-01   9.7444439e-01  -3.5482547e-01  -5.8929169e-01   2.3928817e-01   8.6891681e-01   7.1110778e-02  -6.2767714e-01   2.3747782e-01  -5.1139015e-01   9.9670070e-01   1.1590418e+00  -8.8697201e-01
   1.7535465e+00   1.2147152e-01  -9.9796921e-02   2.1457614e-01   2.7252230e-01  -1.5407756e-01   1.2837361e+00  -1.4752337e-01   2.4748060e-01  -1.5912394e-01   4.6601593e-03  -5.6152858e-02   1.8769537e+00  -6.5390177e-02  -4.6208048e-01  -1.2400615e-01   3.7293109e-01   5.9125489e-01  -5.7799220e-01  -6.4649999e-01
   1.4272746e+00   9.8014720e-02   1.8381068e-01  -3.7607616e-01  -5.8652759e-01   1.0008733e+00   4.3875965e-01   7.3660141e-01  -5.8282632e-01  -5.9793049e-01   1.2928098e-01  -7.1204208e-02   9.2062336e-01  -9.2503861e-02   3.7058126e-02   1.3228704e+00  -1.1844072e+00  -9.7076297e-01  -1.0477310e-01   1.2072369e-01
   1.4058403e+00   3.1457368e-01   3.4411195e-01  -1.5344550e-01  -5.1153290e-01   6.3599694e-01   2.8522864e-01   1.1445737e+00  -3.9530486e-01   7.5423479e-01  -1.2420320e-01  -4.3107775e-01   1.5698282e+00   2.5546720e-02  -1.8859874e-01   1.2970339e+00  -7.4562687e-01  -1.8103607e-01  -1.4708218e-01   7.4156113e-02
   1.4399565e+00   2.2363679e-01   2.6657495e-01   3.4445515e-01  -4.9218702e-01  -6.2650627e-01  -1.4563558e-01   1.0102593e+00   6.1904967e-01  -7.9182518e-01  -2.8634444e-01   1.2360368e-02   1.0871959e+00   1.2090917e-01  -2.3957640e-01   1.3304086e+00  -1.0321261e+00   3.4431059e-02   6.0109311e-01  -6.8269587e-01
   1.3396841e+00   1.6663259e-01   2.3694678e-01   9.5059529e-02  -1.5684711e+00  -5.5509780e-02  -6.1207898e-02   7.9119664e-01   7.4131057e-02  -1.1782699e-01   3.3937442e-01   1.0250099e-01   1.3027449e+00   7.3200844e-02   4.0670297e-01   7.7466482e-01  -1.2968554e+00   3.5303271e-01  -5.6210583e-01  -5.3279865e-01
   1.1660833e+00  -8.0060065e-02  -7.3256634e-02  -5.1510494e-02  -3.9466593e-01   3.0802089e-01   1.4446528e-01   7.4580359e-01   1.4962045e+00   7.4797094e-01   5.8696359e-01  -2.2895761e-01   1.5054718e+00  -2.9244679e-01  -1.1269741e-01   1.1243687e+00  -1.1053664e-01  -6.8933958e-01  -6.9755763e-01   1.3496182e-02
   1.3599350e+00   8.6369944e-01   9.0264827e-02  -8.1256106e-02  -8.2021302e-01   4.7860005e-01  -6.9848335e-01   8.3107728e-01   5.2220529e-01   1.9176924e-01  -3.0296108e-01   3.0691269e-01   1.7826524e+00  -1.5653606e-01  -1.0034145e-01   1.1999221e+00  -4.5075923e-02  -3.6595258e-01  -6.2916540e-02  -1.4789578e-01
   1.0439620e+00  -1.9348626e-01  -2.3603682e-01   3.0354682e-01  -9.8595405e-01  -1.2267430e+00   1.4151980e-01   5.9284151e-01  -2.4964954e-01   9.0223843e-01   1.7163566e-01   2.6061940e-01   1.2734582e+00   2.8388658e-01  -4.4373775e-01   1.1193227e+00  -3.3192649e-01   1.0212302e+00  -7.1079886e-01  -3.0368289e-01
   1.6948198e+00   4.6201560e-01  -9.6599035e-02  -1.6487351e-01   2.6716149e-01  -3.7328620e-02   2.4358729e-01   1.2890151e+00  -2.4440247e-01   1.5561770e-01   4.4617761e-02  -7.6912485e-02   1.8880042e+00   3.3588771e-02  -5.5949379e-02   7.3049152e-01  -1.9836935e-01   2.6892313e-01   8.7334633e-01   1.2350826e-01
   9.9823123e-01   1.4108382e-01   4.6392038e-02   1.2548740e-01   3.0005172e-01   1.0146070e+00  -6.2100571e-01   1.0444465e+00  -8.3908081e-01  -8.1590366e-01   8.4195562e-02  -4.7585082e-01   9.8402184e-01  -3.4878224e-01  -4.4751966e-01   1.0049847e+00   1.1843513e+00  -6.9191557e-01   2.3411763e-01  -7.2802109e-01
   1.3900796e+00   2.2907186e-01  -1.9349270e-02   1.1240777e-01   6.0903829e-01   1.3137746e-01   2.2955543e-01   1.3062791e+00   6.1556810e-01  -6.8994403e-01   1.7574152e-01   5.6392584e-02   1.6393170e+00   2.2692622e-01   1.2797964e-01   1.1028774e+00   5.1082480e-01  -5.8637744e-01   6.1794227e-01  -8.7912731e-02
   1.0351840e+00   2.7071181e-01  -4.7683778e-01   3.1619075e-01   1.5293874e+00  -3.1161606e-01  -2.5551167e-01   4.3266433e-01   9.1585010e-01  -1.9009825e-02  -1.5986783e-02  -1.7768100e-02   5.5675685e-01  -3.6061296e-01   9.4516778e-01   9.4787970e-02   1.4408761e+00   6.3507509e-01  -9.8027998e-01   4.6549851e-01
   1.2938911e+00   5.5349231e-01  -8.1872744e-03   2.9535407e-01   3.8577643e-01   2.3186427e-01   1.5048970e-02   9.6204859e-01  -9.0391034e-01  -9.9337238e-01  -6.4280815e-02   2.2625960e-01   1.3940383e+00  -2.9684553e-01  -4.2969260e-01   1.1161128e+00   9.3123984e-01  -6.7185193e-01  -4.9405754e-02  -4.0229028e-01
   1.2685035e+00   3.0962011e-01   4.7781054e-02   4.2503276e-01  -4.8884776e-01   8.0394870e-01   8.3676577e-01   1.1919315e+00  -1.2991481e-01  -2.9839024e-01  -1.1853346e-02   7.1476348e-02   8.8998210e-01   1.8425441e-01  -4.6305540e-01   8.9392060e-01   7.0958912e-02  -4.5018178e-01   1.4512873e+00   9.1721565e-01
   1.9416335e+00   2.6025122e-01  -2.6769564e-01   2.5928846e-01   2.8937614e-01   3.6210284e-01   6.8974209e-01   5.2276736e-01  -4.9807563e-02   2.3889139e-01  -1.2222712e-01   8.8365786e-02   1.7135876e+00  -1.2083733e-02  -2.8615382e-01   7.4555719e-01  -4.0734269e-02   1.8334966e-02  -6.3082939e-01   1.0015204e+00
   1.2146320e+00   1.0132288e-01  -3.7308306e-01   5.1547915e-01   3.4641686e-01  -6.9894457e-01  -1.2450740e-01   1.1353848e+00   1.0873585e+00  -1.1838768e-01   1.6273614e-02  -2.1374226e-01   1.3035313e+00   1.2599744e-01  -1.8202214e-02   1.1341228e+00   2.7258906e-01   6.5543985e-01   1.0373342e+00   6.1028332e-01
   1.9284955e+00   3.2797262e-01  -1.2236118e-01  -1.6018896e-01   2.2213571e-01  -5.4144576e-02   4.9299821e-02  -2.8385621e-02   9.4127518e-01  -4.3725902e-01   3.6426995e-02   2.4188356e-01   1.6816571e+00  -1.8026020e-01  -1.5651137e-01   8.8083726e-01   1.0483293e-01   8.8409863e-02  -2.0028916e-01  -1.1047210e+00
   1.2181207e+00   5.4660165e-01  -6.5938401e-01  -1.5776473e-01  -1.1952869e+00   4.9885967e-01   6.9372430e-02   5.5758357e-01   8.1829798e-01  -3.0795413e-01  -5.2089721e-01   2.4112575e-01   9.9329191e-01  -9.3371414e-02   7.0383444e-02   1.5672031e-01  -1.0017556e+00  -1.0769829e+00   9.1838288e-01  -7.9926801e-01
   2.0211797e+00  -5.9833184e-02  -8.6947113e-02   1.7069208e-02  -5.6747055e-01   4.8775139e-01  -4.0652797e-02   9.0173386e-02  -2.8072986e-01  -5.0485963e-01   1.4256899e-01  -6.9217496e-02   1.6370970e+00   2.1765681e-01  -3.4584984e-01   4.2764172e-01  -6.9004726e-01  -5.0794262e-01   8.0823201e-01   7.4667376e-01
   1.0781270e+00   1.0465456e-01  -2.0137718e-02  -2.4893987e-01  -4.3084133e-01  -1.0482625e+00   7.3226863e-01   5.9215122e-01  -2.4893750e-02  -1.2618853e+00  -2.6209800e-02   1.7372182e-01   1.1869591e+00  -1.1324580e-01  -1.3900717e-01   1.9437557e-01  -5.1652634e-01   1.5079837e+00  -9.6276444e-01   1.5034124e-01
   1.3609354e+00   1.1300195e-01  -1.0114837e-01   2.1137683e-01  -6.7253900e-01  -5.1510125e-01   3.0634248e-01   6.0120189e-01   3.8541460e-01   1.3261607e+00   5.6729776e-01   5.2192103e-02   1.8491913e+00  -3.8865396e-01  -2.8323978e-01   4.3579504e-01  -6.3066125e-01   1.7498273e-01  -6.2685198e-01  -1.1598048e-01
   1.6992804e+00   3.6200595e-01   1.5416668e-01  -4.4804867e-02  -7.1322277e-02   5.9108239e-01   5.3963584e-01   3.7864998e-01   1.0492576e+00  -2.5618994e-01   2.1959168e-01  -3.5763413e-01   1.6026446e+00  -8.6164355e-02   7.0278518e-02   3.4857273e-01  -2.9875225e-01  -1.0751973e+00  -3.5662457e-02   9.3539655e-01
   1.6182191e+00   1.7648640e-01  -1.7514469e-01  -8.2658164e-02  -3.6776951e-01  -5.4562684e-02   2.3308005e-03   6.0109997e-01  -1.3413246e+00  -1.1832564e-01   2.2451437e-01   1.9773364e-01   1.9708463e+00  -2.2916216e-01  -6.7592031e-01   2.7392577e-02   3.6600727e-01  -2.8666508e-01   4.1263235e-01   3.6016947e-01
   1.5614846e+00   5.1500756e-01  -1.4908554e-01   2.7720833e-01  -1.4818098e-01  -1.1454985e+00   3.5361481e-01   2.1868756e-01  -5.0205642e-01  -6.6212475e-01   1.5058358e-01  -1.2416537e-01   2.0508981e+00   5.4790124e-02   1.8879786e-01  -3.6607914e-02   6.5423094e-02   7.7411503e-01   2.7587131e-01   1.8999511e-01
   1.7896190e+00   4.2076358e-01  -3.4262100e-01   1.7800151e-01  -2.9187647e-01  -4.6100894e-01   3.2352459e-01   8.2715988e-01   4.7310144e-01   4.0092492e-01   6.5979086e-02   2.5329182e-01   2.0054066e+00   1.4037938e-01  -3.6028689e-01  -2.5860167e-01  -5.0688875e-01   3.9142779e-01   3.1129366e-01  -4.3172953e-01
   1.3943222e+00   1.3407522e-01   1.1794341e-01   1.1606406e-01   9.2289603e-01   8.2352930e-01  -1.5777574e-01   1.2945256e-01  -1.1991310e+00   3.1694181e-02  -2.0284776e-02   2.6410645e-01   1.6394936e+00  -4.2452848e-01  -4.4998467e-01   1.6552314e-01   7.5500381e-01  -6.3403672e-01  -4.0401775e-01   8.3458042e-01
   1.8442856e+00   2.6758626e-01   6.4597286e-02   4.5654726e-01   1.0123118e+00   4.6092308e-01   9.0056680e-02   2.3860283e-01  -1.0338758e-01  -3.8003620e-02  -5.6211289e-02  -1.2929696e-01   1.8689213e+00  -2.1827212e-01  -2.4950518e-01   6.9211584e-01   8.4634191e-01  -1.2752680e-01  -1.9140075e-01   3.5936564e-01
   1.6842957e+00   4.9088949e-01   1.5656488e-01   9.7067289e-02   8.1341839e-01  -5.6884617e-01  -1.1546791e-01   4.2748743e-01  -6.2085021e-01  -5.6698459e-01   2.2803818e-01   2.0135313e-01   1.2914340e+00  -2.3677740e-01   2.2418475e-01   6.1310303e-01   4.7332576e-01   1.2214521e+00   2.1298046e-01   9.9804443e-01
   1.2266945e+00  -4.8008835e-01  -2.9590923e-01  -1.8031910e-01   7.7597964e-01  -7.5170571e-01   3.6169499e-01  -3.2212535e-01   1.1762096e+00   5.9949619e-01  -4.0366876e-01   2.9970378e-01   1.1504366e+00   4.1718099e-01  -4.1160282e-02   2.4919464e-01   1.0513263e+00   4.0598446e-01   1.3825037e+00  -6.6821903e-02
   1.6236969e+00   4.0407392e-01  -2.2693385e-01  -4.1347840e-01  -1.4628641e-01   9.9645931e-01  -2.8792089e-01   4.9592459e-01  -3.6276674e-01  -7.0929426e-01   1.6155890e-01  -2.9811126e-01   1.3095219e+00   5.3848147e-02  -2.2394700e-01  -1.3123515e-01   5.7154411e-01  -7.0885950e-01  -8.2460159e-01  -1.2612668e+00
   2.0489595e+00   3.8890684e-01   1.6464534e-01  -7.3118396e-02   5.2773254e-04   4.7616544e-01  -1.6908054e-01   4.6865728e-01   2.4058650e-01   2.9192415e-01   9.7213231e-02  -3.3778638e-02   1.9789225e+00  -1.8230187e-02  -1.8609087e-01   4.1779131e-01   5.9648544e-01  -8.1869744e-02  -3.7140483e-01  -6.0276270e-01
   1.9134327e+00   2.7573621e-01   1.5346181e-01  -1.6163366e-01   1.5565233e-01  -3.1548283e-01   5.7866734e-01   3.2876790e-01   4.2470902e-01   6.8263489e-01  -2.4878007e-01   3.5927209e-01   1.5127776e+00  -6.7976946e-01  -7.3862225e-03   2.8188905e-01   3.1982449e-01   4.5241845e-01   6.4767510e-01  -1.1191428e+00
   5.4309976e-01  -1.1756735e-01   6.4323330e-01  -2.7854607e-01   4.6623453e-02   4.1715291e-01  -2.6660716e-02  -4.2493731e-01  -1.8549371e+00   6.3373470e-01   4.7239983e-01   2.3347272e-01   6.8455201e-01   2.4222329e-01  -2.9840952e-01   3.4613740e-01   2.5118330e-01  -2.9914698e-01  -1.8143435e+00  -7.3604465e-01
   8.6941302e-01   1.3049230e-01   5.7055373e-02  -2.4771981e-01  -1.2330223e+00   3.4177545e-01   7.3834097e-01  -1.0232061e+00  -9.6568298e-01   2.6010701e-02  -2.1332821e-01  -1.2055466e-02   1.0187095e+00   1.3847710e-01   6.6981947e-01  -1.1905998e+00  -7.4773759e-01  -7.5710499e-01  -6.7731440e-01   6.6343081e-01
   1.3958668e+00   2.0236924e-02  -2.4976754e-01  -2.5498551e-01  -8.2846737e-01   1.9607475e-01   4.6960461e-01  -5.9806234e-01   3.4732467e-01   1.2247854e+00   1.7003678e-01   3.8436390e-03   1.5803428e+00   3.5000148e-01  -4.3147942e-01  -5.0505489e-01  -1.2902158e+00  -4.7723839e-01  -1.8281667e-02   1.3071096e-01
   1.3184645e+00  -4.7923520e-02   1.3149095e-01  -7.1125276e-02  -7.0833939e-01  -6.0384232e-01   2.6533878e-01  -1.4242237e+00  -4.3813297e-01   2.8259045e-01   2.2118531e-01   3.7117466e-01   1.0697253e+00   6.5116711e-02  -6.4775378e-02  -1.1513687e+00  -1.0608654e+00   9.9921763e-01  -4.3217728e-01   1.5575503e-01
   1.3584359e+00   3.0054262e-01  -5.1098955e-01   3.6609903e-01  -4.6472025e-01  -9.6303344e-02   6.3605881e-01  -9.1124952e-01  -7.4628466e-01  -8.0750275e-01  -4.3858413e-02  -8.4019184e-02   8.2860744e-01  -5.8255639e-02  -1.1118009e-01  -1.2068398e+00  -7.2741759e-01   5.8673394e-01  -9.7435141e-01  -1.0047171e+00
   1.4523860e+00  -1.1613226e-01  -1.8601459e-01   2.2839837e-01  -1.6161507e-01   9.5828885e-01   1.9569421e-01  -1.1562231e+00   6.8563598e-01  -2.5283493e-02   4.7295867e-03  -2.8940335e-01   1.5112870e+00   2.5977388e-01   2.7496556e-02  -1.0968356e+00   4.0510687e-01  -7.9537243e-01   6.2220770e-01   4.2080492e-01
   1.6621311e+00   2.9010555e-01   1.2737533e-01   4.8017269e-01  -2.0084293e-01  -8.6256325e-02   4.6387523e-02  -1.2597014e+00  -2.9796574e-01   4.2521524e-01  -2.6958451e-01   1.9550370e-01   1.6159210e+00  -2.6084435e-01  -9.3721300e-01  -8.8274890e-01  -1.8405531e-01   2.7466131e-02  -2.8075492e-01  -6.6241544e-01
   1.4739615e+00   5.7363629e-01  -1.6444457e-01   6.2242802e-02  -1.2525485e-01  -7.8349113e-01   7.9549402e-01  -6.8018669e-01   2.4712767e-01  -8.2545692e-01  -1.5756426e-02   6.2096406e-02   1.4059073e+00  -2.3373406e-01  -5.1348841e-01  -4.2532226e-01  -1.8634248e-01   1.2685809e+00   1.4184561e-01  -9.2519099e-01
   1.3518448e+00   3.7836853e-01   1.6175301e-01   1.1610880e-02  -3.3507714e-01  -3.1241918e-01   5.7664716e-01  -5.1143724e-01  -1.4546422e+00   2.8826758e-01  -2.2502734e-01   4.8575982e-01   1.8079360e+00  -3.2062694e-01  -7.1673757e-01  -3.4552449e-01  -7.6459847e-02   5.6721044e-01  -1.6501677e-01   5.9503078e-01
   9.2468888e-01  -3.1060612e-01   1.6442195e-01   1.4346215e-01   1.2332510e+00   1.0434802e+00  -2.6411247e-01  -1.0551618e+00   1.9998610e-01  -4.0985754e-01   5.0706214e-01  -2.4716444e-01   1.1296993e+00   1.8695591e-01  -5.9580144e-02  -9.7718221e-01   1.3834696e+00  -6.8434227e-01   1.7284535e-01   1.0712044e-03
   1.4737650e+00   7.6015812e-01  -6.9894560e-02   6.8747841e-02   9.1367322e-01   6.9550920e-01   5.9154916e-01  -6.8085003e-01  -1.5932517e-01   2.8837642e-01   2.3026013e-01   1.0791452e-01   9.1655594e-01  -2.3913838e-01  -1.5680705e-01  -7.8744030e-01   1.4559040e+00   2.7531666e-01   8.1386220e-01  -7.3184311e-01
   1.2225959e+00  -3.0921635e-01   1.9424033e-01   1.7856002e-01   1.1747515e+00  -1.3507006e+00  -2.9570028e-01  -9.3310498e-02  -6.6612825e-02   1.8712154e-01   2.3330508e-01   2.4400467e-01   9.6107721e-01   4.1632324e-01  -9.0877965e-02  -1.5878029e-01   1.2774718e+00   1.3276370e+00  -1.9060929e-01  -5.6980729e-01
   9.6544629e-01   2.6163208e-01  -3.9070535e-02   1.6023061e-01   1.2537297e+00   7.5953349e-02   4.5701376e-01  -1.0526000e+00   6.5819305e-01   8.0287504e-01  -1.3111129e-01   2.9015598e-01   1.4516325e+00  -4.6842214e-02  -9.6281707e-02  -1.4190634e+00   4.3938339e-01   3.6140642e-01  -5.5987579e-01   3.5922572e-01
   7.6151282e-01   5.1327342e-01   8.1619865e-01  -6.6711354e-01  -5.7846653e-01   2.6467177e-01   3.0032268e-01  -1.3218492e+00   1.7561693e-01  -8.7888193e-01   5.0559163e-01   7.4460334e-01   1.0204884e+00  -3.0995980e-01  -6.5161014e-01   3.9088935e-02   7.7412295e-01  -1.0908002e+00   5.0991750e-01  -7.5975037e-01
   1.8465819e+00  -1.8519616e-01  -2.7041888e-01   2.6890677e-01  -1.9772309e-01   3.0501026e-01   3.8865486e-01  -1.0173568e+00  -2.4867722e-01  -1.7426203e-01   8.9655526e-02   1.3907151e-01   1.8723481e+00   4.3591183e-01  -2.2635937e-01  -8.9325970e-01   6.5348589e-01   2.4736950e-02   1.8780382e-03   1.0207360e-02
   9.9715889e-01  -9.1521353e-02   3.7977312e-02   3.9872727e-01  -2.1213721e-01  -1.2806212e+00  -4.0922955e-01  -9.5299894e-01  -7.6438433e-01  -7.0137072e-01  -3.9450593e-02   2.5805318e-01   1.4187907e+00   4.3827352e-01   1.0866904e-01  -6.9980258e-01   5.7724472e-02   1.4200886e+00  -3.6111099e-01  -2.7364922e-01
   1.4267323e+00   2.6281315e-01  -1.1293857e-01   6.6547781e-01   9.7069645e-01  -6.6807503e-01   3.0118147e-01  -1.2895335e-01  -9.0605557e-01   3.5056654e-01   5.8368218e-01   3.2432759e-01   1.1821349e+00   7.5454868e-02  -1.6613238e-01  -6.9866824e-01   4.3530330e-01   2.1070916e-02   4.6505192e-01  -1.4929996e+00
   1.4512722e+00   5.8334494e-01  -1.4870316e-01  -5.0101165e-02  -1.2520827e+00   5.9464890e-01   4.5287710e-01  -5.2534527e-01   7.3564611e-02  -3.4796393e-01  -3.4882346e-01   1.7018985e-02   1.6544651e+00  -8.3273929e-01  -2.7764088e-01  -1.9265299e-01  -1.0195167e+00  -4.1685441e-01   3.4511060e-01  -2.8979912e-02
   1.6614438e+00   4.6263728e-01   2.8213865e-01   4.2224014e-01  -9.8017865e-01   7.9633221e-02   5.3381246e-01  -2.3581703e-01  -2.6450443e-01   6.2455004e-01  -1.3086841e-01  -3.6547038e-01   1.0230243e+00  -3.2966229e-01  -4.6357134e-01  -1.4997365e-01  -6.3085580e-01  -5.0348181e-01  -8.2482749e-01  -1.4576850e+00
   1.3392937e+00   3.0737543e-01   3.7379437e-03   2.8774291e-01  -4.9545822e-01  -1.0735993e+00   6.6583037e-02  -1.3230723e-01  -1.2629957e+00   1.1752490e-01   2.0339228e-02   1.6760128e-02   1.6921862e+00  -8.4173813e-02  -5.6460160e-01   2.4039598e-01  -8.7987673e-01   5.7436222e-01  -8.9381948e-02  -8.0006105e-01
   1.7574201e+00   1.8638359e-01  -1.5702362e-01   3.6539651e-02  -6.5985399e-01  -6.8700945e-01   5.2469760e-01   1.2513061e-02   7.3628747e-01  -3.5464373e-01  -7.1768567e-02   8.5549809e-02   1.6072930e+00   1.2722714e-01  -9.0886347e-02  -3.5176218e-01  -9.6592188e-01   2.4768190e-01   1.1200547e+00  -8.4156416e-02
   1.5985119e+00   2.6230755e-01   2.5195065e-01  -1.6371179e-01   3.0083182e-01   6.9021446e-01   1.6698199e-03  -6.4608002e-01  -2.5027183e-01  -1.1129776e+00   7.6422006e-02   2.2785650e-01   1.7517725e+00  -2.6549765e-01  -6.6017729e-01   1.0864495e-01  -4.1664430e-01  -5.5498773e-01  -5.0862104e-01   7.8428811e-01
   1.8213413e+00   3.2693672e-01   9.1397703e-02   1.3104451e-01  -7.6832986e-01   1.2751466e-01  -2.0948557e-02  -5.3117400e-01   6.7102051e-01   4.5919228e-01   2.6134482e-02   5.9991600e-03   1.9980351e+00  -7.3768049e-03   1.4190052e-01  -8.9891261e-01  -1.7624804e-01  -1.3485602e-01   5.8258895e-02  -3.5532966e-01
   1.6126517e+00  -3.1767207e-01  -2.1547864e-01  -2.2683752e-01  -4.8171455e-01  -1.0662491e+00   2.8095597e-01  -3.0386931e-01   6.8900305e-01   4.3083403e-01  -1.2032665e-01   1.7967314e-01   1.5041504e+00   2.2258471e-01  -4.3901771e-01  -8.5618965e-02  -2.8624564e-02   1.0073916e+00   9.0088123e-01   7.8352767e-01
   1.9559816e+00  -3.8072735e-02  -3.5389006e-01  -7.5651020e-02  -2.7400169e-01  -1.9270527e-01   3.1105924e-01  -7.2538257e-01   5.5270135e-01   3.3112608e-02   3.6123624e-01  -1.1381052e-01   1.8073452e+00   1.0498466e-01   1.0156455e-01  -6.8469584e-01  -3.7668332e-01   2.4639104e-01  -9.4488186e-01   6.7174017e-02
   3.1914946e-01   2.3593780e-01  -7.3456520e-01  -2.6578137e-01   3.4266198e-01  -6.0571200e-01   1.4997742e-01  -7.4189413e-01  -1.7816610e+00  -2.7039675e-02  -3.5352460e-01  -1.2617102e-01   7.6214314e-01  -1.7094546e-03  -1.4653085e-01   6.8947154e-01   1.0234142e-01   7.8708160e-01   1.6964059e+00  -5.2309537e-01
   1.4803227e+00   2.5291142e-01  -1.2348628e-01   5.5086464e-01   6.8566012e-01   2.7154455e-01   2.2246502e-02  -1.4959812e-01   4.3840811e-01   1.2911378e+00   4.4414766e-02  -2.3081964e-01   1.3520086e+00  -3.6172348e-01  -4.2858306e-01   3.1906210e-02   1.2622173e+00  -9.9430156e-01  -3.7211010e-01   2.8457555e-01
   1.4647373e+00   2.0834650e-01   2.8758170e-02   3.5137424e-01   1.3454020e+00  -1.6367967e-01   4.1273156e-01  -1.9879988e-01  -1.1448187e-01  -7.9181635e-01  -4.1723344e-02  -2.8675105e-02   1.4942069e+00  -4.1291049e-01  -5.1537007e-01  -1.6656497e-01   1.0071096e+00   3.8637292e-01   2.3495743e-01  -1.0402781e+00
   1.8910860e+00  -1.8724881e-01   2.0605516e-01  -4.3479806e-01   2.1819870e-01   1.0619406e-01   2.0716619e-01  -1.4566071e-01  -9.4916910e-01  -3.6507422e-01   3.7637389e-01   2.0130195e-01   1.4166871e+00   5.5361038e-01  -3.2054690e-01  -5.8945227e-01   6.5210241e-01   4.5828900e-01   5.9214681e-01   1.0335500e+00
   1.2810774e+00   2.4371237e-01  -3.0616626e-01  -1.5660638e-01  -2.9602972e-01   8.3549410e-01  -2.9529238e-01  -4.3475011e-01   1.1482167e+00   8.9492542e-01   8.0997296e-02  -2.8515372e-02   1.7716640e+00  -3.2108608e-01   2.7068703e-02  -2.4128404e-01   4.2111665e-01  -1.0067648e+00   6.5840596e-01  -2.5956208e-01
   1.6572603e+00   6.3846558e-01   2.2545725e-02   1.7156938e-01   4.4887191e-01   7.0053643e-01   5.8228427e-01  -3.4398556e-01   6.6148102e-01  -4.7825763e-01   1.3417169e-01   2.8780568e-01   1.9576530e+00  -2.9404992e-01   6.9324382e-02  -3.1306639e-01   6.4736360e-01  -1.6630466e-01  -5.5810452e-01   3.4534276e-01
   1.5580338e+00  -1.7345491e-01  -3.8933703e-01   2.0397134e-01   5.0082409e-01  -8.2929868e-01  -5.0712073e-01  -8.0819440e-01   4.8014376e-01   5.1943052e-01  -7.2249444e-03   1.1465920e-01   1.3746443e+00   2.1210098e-01   2.4474613e-01  -3.2589543e-01  -1.1717094e-01   6.2835872e-01  -3.9820135e-01   1.5228038e+00
   2.0352097e+00   1.6619439e-01  -2.4757457e-01   4.1172510e-01   4.1759863e-01  -4.4494301e-01   1.7671686e-01  -1.8179248e-01  -3.7344405e-01  -1.5294161e-01   1.7677015e-01   1.1942466e-01   1.7330163e+00   2.6647145e-02   2.6710254e-01  -4.8393852e-01   3.4477577e-01   1.8812986e-01   1.2206832e+00  -2.3739235e-02
