   1.7116071e+00  -5.9068602e-02  -5.4317959e-02  -1.7127741e-02   7.5816989e-01  -4.6499792e-02   6.9750106e-01  -1.3274507e-02   6.5716572e-02  -3.5727296e-03   1.7174412e+00   1.4543692e-02  -6.9168514e-01  -1.0231494e-02   7.5300324e-01  -1.7479241e-02
   1.1112349e+00   1.3852928e-02   5.4503921e-02   3.1173518e-02  -7.9138994e-02   1.1380475e+00   1.2081400e+00   2.3468232e-03  -1.8877571e-02   4.9910251e-02   1.0647235e+00   7.8223094e-02  -1.2195848e+00  -8.3445005e-02  -3.0443251e-02  -1.1670994e+00
   1.0455223e+00   3.2531684e-03   3.4390192e-03   1.1785016e-02   2.0400101e-02  -1.2509968e+00   1.1580306e+00   1.6673973e-02   1.1069210e-02   2.8013492e-02   1.0753142e+00   5.7532493e-02  -1.1859576e+00  -2.0890174e-02  -7.2841801e-02   1.1946734e+00
   1.7036074e+00   4.2131338e-03  -2.1820599e-02   2.9620271e-02  -7.4037760e-01  -4.6274491e-02   7.3866415e-01  -2.0622978e-02   9.2718313e-03   5.7317317e-02   1.7050833e+00  -9.7718276e-02  -7.2584635e-01   3.0663421e-02  -7.4139339e-01   4.8094176e-02
   1.0544087e+00  -1.0708201e-02  -7.7515573e-04  -2.2388587e-02   1.2008364e+00  -7.7899587e-03   1.1352531e-02   1.2022514e+00   6.4560701e-03  -1.9337667e-02   1.0627863e+00   3.4903869e-02  -5.4188713e-02   1.1699562e+00   1.2224772e+00   5.1643845e-02
   1.7129538e+00  -8.7670609e-02   5.0687879e-02   1.0550526e-03   2.3919806e-02   7.1362454e-01   1.6352825e-02   7.3853451e-01  -4.3212313e-02   2.0801544e-02   1.6936218e+00   6.5770268e-02  -1.2642667e-02   7.3011172e-01  -1.3352747e-04  -7.6928318e-01
   1.6920391e+00  -6.1626386e-02  -3.9720070e-02  -5.0474875e-02  -1.6321959e-02  -7.8105450e-01  -3.1643568e-03   7.2024858e-01  -2.7978688e-03  -5.7429560e-02   1.6975967e+00   2.3779873e-02   1.2849560e-02   7.1642530e-01   5.6831818e-03   7.7513349e-01
   1.0627190e+00  -6.6431961e-03  -1.7904824e-02  -1.9670960e-02  -1.1862245e+00  -1.6472982e-02   5.4499686e-02   1.2081004e+00   2.0105453e-02  -1.3369418e-02   1.0612758e+00   2.8479148e-02  -3.4022089e-02   1.2182146e+00  -1.1777271e+00  -7.3332386e-03
   1.0497453e+00  -6.9456935e-02   3.7013307e-02  -2.1160064e-02   1.1941150e+00  -9.0916850e-02   5.0049457e-03  -1.2071418e+00  -5.6517422e-02   5.8622295e-03   1.0488032e+00   4.0767413e-02  -1.7005395e-02  -1.2054789e+00   1.1964321e+00   1.0101037e-01
   1.7097079e+00   4.0781938e-02   5.4174189e-02  -2.5452888e-03  -1.6785789e-02   6.8852192e-01   2.3911735e-02  -7.7290291e-01  -7.3978022e-02  -4.2456738e-03   1.6804816e+00   8.2116731e-02   4.4614695e-02  -7.9824817e-01   2.3181660e-02  -7.2389209e-01
   1.6790217e+00   3.3292335e-02  -2.4738340e-02  -1.3394587e-02   2.5952941e-02  -7.6165611e-01   1.2057905e-02  -7.7333558e-01   2.6524808e-02   6.5459614e-03   1.6867427e+00  -6.1296221e-02  -6.9040149e-02  -7.7223259e-01   4.4554546e-02   7.3979759e-01
   1.0570483e+00  -3.8742661e-02  -7.9295551e-03   4.8781417e-02  -1.1379501e+00   5.6574911e-02  -5.6336649e-02  -1.2559460e+00  -3.9235353e-02   6.6114336e-02   1.0299569e+00   8.6989412e-03  -5.1355217e-02  -1.2722861e+00  -1.1452041e+00   1.9000610e-02
   1.6897650e+00   3.8908802e-02   3.7841707e-02   2.4505727e-02   7.6247889e-01  -2.4362982e-03  -7.4813175e-01  -8.1450231e-03  -3.3149477e-02   1.9017240e-02   1.6910907e+00  -6.3517690e-03   7.2792923e-01  -1.4526190e-02   7.8003210e-01  -1.3006776e-02
   1.0629485e+00   2.3983445e-02   1.3594534e-02  -7.0435484e-03  -5.5481191e-03   1.1755087e+00  -1.2168391e+00  -8.2353354e-02  -3.9981861e-02  -4.5267932e-02   1.0245572e+00   4.2971276e-02   1.2179976e+00  -7.9450235e-03   4.7918718e-02  -1.2078538e+00
   1.0195348e+00  -1.2538357e-02   2.9561259e-02   9.7007360e-03   1.0363861e-02  -1.2232336e+00  -1.2092717e+00   2.6026428e-02  -7.1853409e-03  -1.0438808e-02   1.0366119e+00   2.8512100e-02   1.2221878e+00   1.6528376e-03  -1.0011527e-02   1.1960837e+00
   1.6780939e+00   6.0147673e-02   7.3769647e-03   5.1181067e-02  -7.6277292e-01  -3.5017155e-02  -7.6789671e-01  -7.0676535e-02  -3.1835366e-02   4.6224453e-02   1.6856002e+00   2.6062855e-02   7.6814258e-01  -4.9309243e-02  -7.4888223e-01  -4.0298052e-02
