   9.2664796e-01  -9.1387205e-02  -8.2460064e-03  -1.0943363e-02   1.3034052e+00   7.0252061e-02   1.1932542e+00   7.1610354e-02   3.4055214e-02  -2.0966209e-02   9.4077319e-01   8.9503363e-02  -1.1879163e+00   6.2051900e-02   1.2972564e+00  -8.6403228e-02
   1.5125363e+00  -8.6918436e-02  -2.2485410e-01  -3.2112947e-01   4.6296301e-01   3.1355089e-01   1.1075447e+00   1.0812905e-01   1.9280905e-01  -3.7560415e-01   1.5029904e+00   3.4602590e-02  -1.1046293e+00   1.0875208e-01   4.6540147e-01  -3.3606201e-01
   1.7071596e+00   2.1510190e-01   3.6160152e-02   5.0540362e-02  -3.5540238e-01   7.5207138e-01   5.8184177e-01  -7.0802636e-02  -2.7822100e-02   5.0461780e-02   1.7026907e+00  -2.5238851e-01  -5.9616405e-01  -9.4805434e-02  -3.6306590e-01  -7.3321694e-01
   5.6091040e-01   4.2583626e-02  -5.5545341e-02   1.2451394e-01  -4.4256620e-02   1.4613961e+00   1.2331934e+00  -8.1079304e-02   9.0870894e-02   1.1338570e-01   5.5978179e-01  -1.6015003e-02  -1.2085489e+00  -1.6420415e-02  -4.3380648e-02  -1.4840931e+00
   1.2122681e+00   1.5339500e-01   1.6307688e-01   1.1262598e-01   7.6235294e-01  -8.6910087e-01   1.0212681e+00  -2.9679945e-01  -1.5184000e-01   1.3478670e-01   1.1916980e+00  -2.0577434e-01  -1.0589615e+00  -2.5963885e-01   8.0425686e-01   8.1280351e-01
   1.0720451e+00  -1.2279372e-01  -1.7448111e-01   1.6845167e-01  -4.3032181e-02  -9.9270958e-01   1.3192446e+00   2.2156581e-01   1.5139833e-01   1.5552689e-01   1.0637381e+00   1.1639491e-01  -1.3193517e+00   2.4949685e-01  -5.4505374e-02   1.0009469e+00
   1.1544873e+00   3.3768213e-01   2.8332925e-01  -3.7512701e-02  -8.2371563e-01   5.2766662e-02   1.3054914e+00  -2.9299799e-01  -2.5519633e-01  -6.6011019e-02   1.1332173e+00  -3.1206277e-01  -1.3129070e+00  -3.3735380e-01  -8.3985639e-01  -7.7855974e-02
   1.3468447e+00   2.6530553e-02  -5.8608770e-02  -1.3467427e-01  -8.2095510e-01  -9.6846747e-01   7.3826349e-01  -8.2486749e-02   4.5668565e-02  -1.3378757e-01   1.3513905e+00   2.7496428e-03  -7.4029660e-01  -1.1856768e-01  -8.5310769e-01   9.2944145e-01
   1.3689690e+00  -9.7666480e-02  -2.8262978e-02  -2.1730654e-01   7.7777332e-01  -1.3011193e-01   7.4626291e-01   9.4318366e-01   2.7634600e-02  -2.0821513e-01   1.3598901e+00   9.9483982e-02  -7.6146364e-01   9.5771533e-01   7.5913209e-01   1.5283427e-01
   1.6079000e+00   2.6565801e-02   7.3430225e-02   2.8071204e-01   7.2130799e-01   5.8594513e-01   4.5596769e-01   5.0816995e-01  -4.1128282e-02   3.0900979e-01   1.5900227e+00  -2.7312625e-02  -4.6411076e-01   5.0462669e-01   7.2191054e-01  -6.1862886e-01
   1.1844307e+00   2.0031512e-01   1.5933181e-01   3.2919906e-02  -5.9709877e-01   8.2475609e-01   8.7702346e-01   8.5123891e-01  -1.7141697e-01   3.5147805e-02   1.1807456e+00  -1.2504902e-01  -9.4401437e-01   7.6593250e-01  -5.7576627e-01  -8.6617589e-01
   1.9013643e+00   1.7259014e-01   1.5756018e-01  -9.0417877e-02   1.3088158e-01   2.0226234e-01   3.8179439e-01   3.4382921e-01  -1.3758081e-01  -6.2097102e-02   1.9022838e+00  -1.2186700e-01  -4.1996542e-01   3.2134655e-01   1.1185455e-01  -2.2701114e-01
   1.5613860e+00   1.0573529e-01   2.9196963e-01   6.5947562e-02   5.6950986e-01  -8.2837337e-01   5.2028441e-01   4.2433333e-01  -3.2601041e-01   6.9012731e-02   1.5660210e+00  -8.9712478e-02  -5.1536834e-01   4.0232533e-01   5.7531559e-01   8.1855124e-01
   1.7279495e+00   1.4153066e-01  -1.1821936e-01  -2.1358578e-02  -1.3259061e-01  -6.4220041e-01   4.9406520e-01   5.5283397e-01   9.7355023e-02  -3.5440992e-03   1.7375571e+00   4.5553520e-02  -5.4796320e-01   4.5774364e-01  -1.8438669e-01   6.5233326e-01
   1.5901887e+00   2.1172315e-01   5.0666776e-02  -8.1331566e-02  -8.2677990e-01   4.0951207e-02   7.2093743e-01   4.6075833e-01  -4.5289937e-02  -1.0247133e-01   1.6100966e+00  -1.3512520e-01  -7.0785338e-01   4.1754243e-01  -8.3492023e-01  -6.5490380e-02
   1.1670845e+00  -1.1251836e-01  -2.6132965e-01   1.0707244e-01  -8.5165811e-01  -6.7317694e-01   6.8242860e-01   9.4936734e-01   2.5016713e-01   1.1663301e-01   1.2011235e+00   1.0116907e-01  -6.2772179e-01   9.6129519e-01  -8.4649736e-01   6.6045392e-01
   1.4155017e+00   4.9202137e-02   3.9018020e-02  -3.2603091e-01   6.9233072e-01   1.0323546e-01  -7.7357841e-01   8.9314741e-01  -2.2219295e-02  -3.1237024e-01   1.4473320e+00  -1.2731640e-02   7.3131919e-01   8.8337779e-01   6.9872022e-01  -6.0039587e-02
   1.8317657e+00  -1.8879353e-01   3.8903940e-02  -1.3428183e-01   2.3958372e-01   4.8913532e-01  -4.3038440e-01   3.2796651e-01   9.0902299e-03  -1.1487898e-01   1.8264906e+00   1.9168200e-01   4.4170478e-01   3.0971676e-01   2.5621036e-01  -5.0718713e-01
   1.7490288e+00  -5.7189506e-03   2.4355784e-02  -1.4004855e-01  -7.0309120e-01   4.3879768e-01  -2.0674312e-01   4.3707642e-01  -4.2062812e-02  -1.5273570e-01   1.7608495e+00   2.6139291e-02   1.8847921e-01   4.1085991e-01  -6.7970574e-01  -4.5529997e-01
   5.0876188e-01  -3.4351847e-01  -1.5437338e-01   2.0408276e-01  -5.1386822e-02   1.3334461e+00  -1.1463267e+00   6.8036157e-01   1.1418657e-01   2.2012749e-01   5.0937319e-01   3.3027989e-01   1.1103579e+00   7.4425697e-01   2.0300493e-02  -1.3351907e+00
   1.8352420e+00   1.7320099e-01  -3.4954857e-02  -1.6774826e-01   7.7876173e-02  -3.5321286e-01  -3.8171297e-01   5.4405701e-01   7.2732143e-02  -1.5337986e-01   1.8534267e+00  -7.6083072e-02   3.5107160e-01   5.3314942e-01   5.5672389e-02   3.4584099e-01
   1.1207887e+00  -1.2659286e-01  -5.1856671e-02  -2.8622589e-01  -1.6983736e-01  -9.3052447e-01  -1.0695264e+00   7.7755088e-01   5.5898137e-02  -2.9861042e-01   1.0736957e+00   1.3747683e-01   1.0937217e+00   7.8359842e-01  -1.7026146e-01   9.4696474e-01
   1.4067742e+00   1.3235904e-01  -1.1112103e-01   1.0507150e-01  -8.5864443e-01   4.0113222e-02  -7.1981329e-01   8.5033500e-01   1.0130823e-01   7.3897853e-02   1.4016017e+00  -8.7757364e-02   7.1819240e-01   8.6295050e-01  -8.6260331e-01  -8.6710684e-02
   8.4670180e-01  -7.9468198e-02   2.4706769e-01  -7.7270880e-02  -1.1038162e+00  -9.7036982e-01  -7.3085082e-01   7.1805114e-01  -2.5261161e-01  -8.6691454e-02   8.3958614e-01   6.0300101e-02   7.2574311e-01   7.4146110e-01  -1.0704073e+00   9.9894536e-01
   1.5426168e+00   1.0126172e-01   1.2770857e-01   2.1514270e-01   1.0362328e+00  -1.4052610e-01  -1.0662490e-01   6.6527361e-01  -1.3588814e-01   2.4256833e-01   1.5567597e+00  -1.1299210e-01   1.0486956e-01   6.6160238e-01   1.0126023e+00   1.1112504e-01
   1.0100174e+00  -4.9865548e-02  -3.0057263e-02   1.0122847e-01   9.2848814e-01   8.2310891e-01   8.2325339e-02   1.1915752e+00   6.5141030e-02   6.4661860e-02   1.0077873e+00  -5.7611112e-02   3.1926375e-02   1.2162840e+00   8.6120158e-01  -8.6636424e-01
   1.5577363e+00   7.0931979e-02   2.3864768e-01   2.2463569e-01  -3.9614871e-01   4.4991904e-01   2.0491062e-01   1.0293994e+00  -2.1719860e-01   2.4244203e-01   1.5789568e+00  -1.2282819e-01  -1.3885985e-01   1.0219140e+00  -3.7657064e-01  -4.2480499e-01
   1.4323623e+00  -2.8669417e-02  -2.6401091e-01   7.3459782e-02  -3.2713667e-02   1.0958965e+00   3.2461714e-03   8.1874830e-01   2.7085626e-01   9.7496405e-02   1.4465040e+00  -3.0255470e-02   1.7141847e-02   8.0347043e-01  -4.7868241e-02  -1.0842935e+00
   7.4763072e-01   4.2565577e-02   3.7008017e-02   1.8861309e-02   8.8678950e-01  -9.4125158e-01  -7.4089773e-02   1.3265262e+00  -1.7514143e-02   1.4947405e-02   7.5938076e-01  -4.1174368e-04  -2.2950042e-02   1.3137977e+00   8.6431116e-01   9.7426164e-01
   1.3965875e+00  -1.1530492e-01  -7.1079031e-02  -3.5759211e-02   1.5819693e-02  -9.8135829e-01  -1.2521331e-01   1.0251464e+00   6.4687677e-02  -7.7034190e-02   1.4038850e+00   1.3914803e-01   1.2527387e-01   1.0366755e+00  -1.7735194e-02   9.5337409e-01
   7.5328356e-01   6.7075759e-02  -2.1906751e-01   2.6097959e-01  -1.1413420e+00   9.4442256e-02  -1.6234820e-01   1.4050003e+00   2.3649780e-01   2.5322077e-01   7.1993327e-01  -5.5611681e-02   1.0794056e-01   1.4095637e+00  -1.1576099e+00  -1.4131480e-01
   1.5640384e+00   4.9683664e-02   2.0763190e-02  -3.0552787e-01  -8.6889279e-01  -6.1966312e-01  -1.6625953e-01   5.3938663e-01   1.0051552e-02  -3.1690109e-01   1.5799776e+00   4.3360621e-02   1.0315147e-01   5.4064494e-01  -8.6545241e-01   5.9103155e-01
   1.6720695e+00  -3.8359821e-02  -6.4300083e-02   5.8850722e-04   7.3501134e-01   7.0037469e-02   5.9727615e-01  -5.4469389e-01   1.5951233e-02   4.2602126e-02   1.6573299e+00   5.1360555e-02  -6.1016595e-01  -5.6631470e-01   7.4533600e-01  -3.0617777e-03
   1.2764196e+00  -2.2105350e-01   1.1670406e-01  -1.3393537e-02   6.2989867e-01   9.4258296e-01   8.1362611e-01  -6.0072184e-01  -8.7746814e-02  -8.1918323e-03   1.2827260e+00   2.4329254e-01  -8.1464243e-01  -5.9836560e-01   6.2840909e-01  -9.3331379e-01
   1.4927490e+00  -8.5066430e-02  -1.9609447e-01   1.9456123e-01  -9.4178736e-01   5.0747597e-01   4.5684651e-01  -5.7875073e-01   2.0124376e-01   2.0875569e-01   1.4794524e+00   9.9536031e-02  -4.6138489e-01  -5.6112909e-01  -9.4665861e-01  -5.4160106e-01
   1.5537028e+00   1.1968838e-01  -3.9481652e-01  -2.4990865e-04  -1.0367253e-01   5.3317600e-01   5.0734973e-01  -9.2917943e-01   3.6643133e-01  -5.2279335e-02   1.5526171e+00  -2.0587970e-01  -5.3571731e-01  -8.9969307e-01  -1.5125547e-01  -5.3913808e-01
   1.9103223e+00   5.9320282e-02   4.9834654e-02  -1.4455363e-01   4.5548362e-01  -2.6365405e-01   1.5027813e-02  -2.1579234e-01  -1.0457023e-02  -1.5145250e-01   1.9005049e+00   1.8380386e-01   1.7404290e-02  -2.1072939e-01   4.3992451e-01   3.0497035e-01
   6.3741678e-01   8.9760765e-02  -1.3093160e-02   1.5086620e-01  -1.2082454e-01  -1.3221523e+00   9.3630385e-01  -9.6091706e-01   3.2880377e-02   1.6802791e-01   6.1320788e-01  -7.1158156e-02  -9.5336628e-01  -9.6500033e-01  -9.6826077e-02   1.3191247e+00
   9.1493899e-01  -5.7933819e-02  -9.4485439e-02   3.7090579e-01  -1.4337586e+00  -8.7005407e-02   8.0851716e-01  -5.4414904e-01   8.8912919e-02   3.7483183e-01   9.0339047e-01   9.0675786e-02  -7.8394842e-01  -5.7011896e-01  -1.4446607e+00   2.4579894e-02
   1.6944721e+00  -1.9453156e-01   2.4233340e-01  -5.0832569e-03  -3.2763886e-01  -4.5945573e-01   6.9311994e-01  -4.8302037e-01  -2.1318565e-01  -9.2914021e-03   1.6880825e+00   1.6663444e-01  -6.8972152e-01  -4.9396798e-01  -3.6067975e-01   4.7672430e-01
   1.2459219e+00  -1.0995737e-01   3.2380261e-02  -3.6790961e-01   1.3084632e+00   1.0466583e-01  -3.3728905e-02  -7.5829649e-01  -3.5297487e-02  -3.5509980e-01   1.2513118e+00   7.4349746e-02  -9.1188662e-03  -7.6287037e-01   1.3074201e+00  -9.9736407e-02
   1.0904204e+00  -5.5205733e-02  -2.2505066e-01   3.6217172e-02   7.6663888e-01   6.6635269e-01   5.5132214e-02  -1.3119357e+00   2.4651392e-01   8.4283397e-02   1.1025530e+00   7.3363602e-02  -5.5314537e-02  -1.2767601e+00   8.1583369e-01  -6.4215356e-01
   9.5619154e-01  -7.9746649e-02  -2.3098789e-01  -5.3629489e-03  -9.0499502e-01   7.1908331e-01  -7.7564776e-02  -1.2976288e+00   2.3140909e-01   3.4738902e-02   9.3841594e-01   9.2745587e-02   1.3211945e-01  -1.3318235e+00  -8.9064181e-01  -6.8670601e-01
   1.2620176e+00  -1.1766183e-01   9.4384387e-02   9.9158861e-02  -1.1484501e-01   1.2932616e+00  -6.6437297e-02  -8.2740414e-01  -9.0701967e-02   1.2111997e-01   1.2583591e+00   6.9974177e-02   3.5760190e-02  -8.9303607e-01  -1.3433366e-01  -1.2537549e+00
   1.4687219e+00   5.9210364e-02   5.8075875e-02  -1.7680649e-01   7.9202348e-01  -6.9182527e-01  -1.4878334e-01  -8.2259148e-01  -7.0442967e-02  -1.5697306e-01   1.4529648e+00  -4.3021694e-02   1.3834874e-01  -8.3713418e-01   8.0372709e-01   7.0109069e-01
   1.3453708e+00  -4.6283145e-02   1.3719486e-01   1.3063000e-01  -7.1373947e-02  -9.4485933e-01   1.0102900e-01  -1.1152974e+00  -1.2587467e-01   1.4729175e-01   1.3141420e+00   5.1381771e-02  -1.1381163e-01  -1.1504257e+00  -1.2082277e-02   9.4671690e-01
   1.9220158e+00  -1.0193419e-01  -1.0592479e-01   1.1201818e-01  -4.4020522e-01  -4.9349856e-02   9.2435531e-02  -2.5871962e-01   1.3759792e-01   1.2682723e-01   1.9165571e+00   1.3144979e-01  -7.8316092e-02  -2.8068942e-01  -4.3212566e-01   5.3467155e-02
   1.4924674e+00   2.1964973e-01  -4.3143801e-02   1.1913788e-01  -8.6972511e-01  -5.5132931e-01  -1.1067233e-01  -7.9724854e-01   3.5605703e-02   9.7094148e-02   1.4872100e+00  -2.1892913e-01   1.1395735e-01  -8.1348187e-01  -8.5442764e-01   5.6990856e-01
   1.0766320e+00   8.6771809e-02  -1.9482449e-02  -9.0995833e-02   1.1490757e+00  -3.9763622e-02  -1.2202927e+00   1.1663561e-01   4.8794683e-02  -6.2097128e-02   1.0657513e+00  -6.8483673e-02   1.2297223e+00   1.1421509e-01   1.1515208e+00   4.4552665e-02
   1.1865500e+00  -9.0511583e-02  -1.6787450e-01  -1.4353083e-01   8.1808913e-01   1.0868133e+00  -8.2438201e-01  -7.1305811e-02   2.1458580e-01  -1.3367277e-01   1.1684519e+00   1.2084625e-01   8.4259558e-01  -5.8403935e-02   8.4316736e-01  -1.0639040e+00
   1.1161782e+00   1.0922303e-01   3.9790550e-01  -1.7831172e-01  -9.9671674e-01   1.0221825e+00  -7.0628476e-01   1.2228207e-01  -4.1338873e-01  -2.0104118e-01   1.1197572e+00  -9.4383180e-02   7.2569126e-01   1.2622744e-01  -9.8963296e-01  -1.0019948e+00
   1.3757900e+00   2.4167607e-02   8.4190898e-02   1.3101196e-01  -4.0994011e-02   8.8464320e-01  -1.1307055e+00   1.3998818e-01  -6.3495763e-02   1.2546740e-01   1.3731986e+00  -7.5255089e-02   1.1437154e+00   1.0295402e-01  -6.6909894e-02  -8.7505829e-01
   1.5225126e+00   1.2565404e-01  -6.0339056e-02   1.5886132e-02   5.4990184e-01  -8.0784738e-01  -8.3345282e-01   1.1233818e-01   6.1567605e-02   1.5112302e-03   1.5211428e+00  -1.0115859e-01   8.6310363e-01   1.0611310e-01   5.3103852e-01   7.9617161e-01
   1.0207961e+00  -9.5121361e-02  -7.8793615e-02   5.4926002e-01   7.8872345e-02  -1.3988756e+00  -8.2336169e-01   5.8819377e-03   1.0208808e-01   5.2950448e-01   1.0282243e+00   8.9562856e-02   8.1811267e-01  -4.2088557e-02   9.0170056e-02   1.4016868e+00
   1.6654681e+00  -7.8285962e-02  -3.2900423e-01   6.1174981e-02  -5.1178473e-01  -1.4196570e-01  -9.0682840e-01  -6.0708888e-02   3.0837554e-01   9.9513136e-02   1.6687583e+00   1.4565909e-01   9.0385246e-01  -4.7108129e-02  -5.0495028e-01   1.2201489e-01
   1.6394082e+00  -3.9066225e-01   1.1152434e-01   3.0145225e-01  -3.2806477e-01  -8.7629116e-01  -4.0876925e-01  -1.1750718e-01  -7.4098282e-02   3.0332097e-01   1.6437514e+00   3.6344156e-01   4.1258097e-01  -1.5905976e-01  -3.0872494e-01   8.8185227e-01
   1.6410228e+00   2.2894634e-02   9.4178617e-02  -2.0360591e-01   7.6658052e-01   2.4119288e-02  -7.6508558e-01  -2.8742287e-01  -1.2144244e-01  -2.1892461e-01   1.6385835e+00  -8.2691990e-02   7.7313185e-01  -3.3789909e-01   7.2735870e-01  -6.7606539e-02
   1.7251786e+00  -1.4309682e-01  -9.6945465e-02  -1.3615942e-01   4.8763964e-01   6.5843928e-01  -1.9885601e-01  -5.1426214e-01   7.0032097e-02  -9.0608083e-02   1.7055248e+00   1.3020788e-01   1.9963165e-01  -5.8497578e-01   4.8320231e-01  -6.6751993e-01
   1.7104759e+00   1.8739564e-02   3.6145142e-05  -1.4252131e-02  -4.4898871e-01   6.0361797e-01  -5.2576166e-01  -4.8098534e-01   1.0019301e-02  -2.3612255e-02   1.7024090e+00  -8.2920849e-02   5.1050138e-01  -5.1204664e-01  -4.4054306e-01  -6.1431950e-01
   1.2546545e+00   7.0575476e-02  -2.2811046e-01   1.2856202e-01   1.3827136e-01   6.8738776e-01  -9.5684826e-01  -9.7217220e-01   2.6886150e-01   1.3103729e-01   1.2826524e+00  -5.7414945e-02   9.4911569e-01  -9.1873986e-01   1.3713078e-01  -7.0593280e-01
   6.8890834e-01  -1.5744463e-01  -4.4716101e-02   4.1219350e-03   1.0021557e+00  -1.0006765e+00  -8.4006625e-01  -8.8725364e-01   5.2382469e-02   2.9204924e-02   6.7182541e-01   1.7001106e-01   8.8152242e-01  -9.2678398e-01   9.9070996e-01   9.4796294e-01
   1.7146324e+00  -9.6104138e-02   1.8200187e-01  -1.0723142e-01  -2.3389729e-02  -3.1209338e-01  -4.5552728e-01  -8.3709157e-01  -1.4667827e-01  -1.1947843e-01   1.7194728e+00   1.3095771e-01   4.7909641e-01  -8.2354957e-01  -2.4421692e-02   2.8654927e-01
   1.2486866e+00   2.9117891e-01  -4.9377088e-03   1.9359571e-01  -1.1348470e+00   7.9925276e-02  -8.3326983e-01  -5.7435954e-01   3.9281566e-03   1.5603289e-01   1.2454206e+00  -2.0423254e-01   8.7361813e-01  -5.6536156e-01  -1.1351212e+00  -1.0729711e-01
   1.1712815e+00  -6.4461485e-02  -2.3277012e-01  -2.2591753e-01  -5.8401573e-01  -8.5377353e-01  -8.7617016e-01  -8.2525527e-01   2.2683699e-01  -2.1561478e-01   1.1704373e+00   6.2833555e-02   9.0455329e-01  -8.0767024e-01  -5.7466775e-01   8.5287309e-01
