   1.6248610e+00  -6.7369200e-02  -5.2570057e-01   1.3743219e-01   7.3075008e-01  -7.0550293e-02   3.8840732e-01  -2.8575021e-01   1.1351365e+00   4.2972192e-03   3.3347452e-01   4.8890862e-01   1.6704745e+00   2.9087746e-01  -6.2892377e-01   5.3184804e-02   7.6974940e-01   8.1719168e-02   4.7312921e-01  -7.4380893e-01
   1.1528064e+00   2.3482598e-02  -1.2588686e-01   2.7442384e-01  -1.3910899e-02   6.1196917e-01   8.9456862e-01   1.0470787e+00   7.0860517e-01   8.9770961e-01   7.2125874e-02   1.7548129e-01   1.4124559e+00  -3.9964631e-01  -1.1987404e+00  -2.6667538e-01  -2.3277403e-01  -4.6147710e-01   8.9445102e-01   4.8370856e-01
   1.0887061e+00   4.2665055e-01  -2.9897991e-01   4.7207075e-01  -2.3712556e-01  -9.5384926e-01   1.4490933e+00  -4.3697768e-01   2.4743332e-01   4.8463270e-02   3.4052664e-01   2.9284086e-02   1.2157060e+00   4.1122239e-02  -1.1773434e+00  -6.8451923e-01  -1.5143292e-01   1.1275980e+00  -4.5643643e-01   2.1472017e-01
   1.0590687e+00  -9.6930936e-02  -3.7981510e-01  -9.4048753e-02  -4.2841581e-01  -4.7098774e-01   7.8287196e-01  -5.8587823e-02  -4.9892339e-01  -1.5637320e+00   5.0683510e-01   8.3176905e-01   1.5110112e+00  -1.0994028e-01  -3.6337063e-01   3.3663151e-01  -6.0169059e-01   5.9232670e-01  -8.9107078e-01  -6.1547313e-02
   1.6801592e+00   2.5508791e-01  -4.0486351e-01   3.2600242e-01   5.8795989e-01  -1.3964915e-01   1.5870269e-01   8.3766735e-01  -4.2282641e-01  -7.5561213e-01   5.7061678e-01  -2.0747291e-01   1.3167878e+00   1.7524960e-02   7.5297944e-02   1.5958799e+00   4.0968660e-01  -1.5048136e-02   3.1651339e-01   2.7633590e-01
   1.5000310e+00  -6.7323798e-01  -6.1949325e-01  -4.1568559e-02   4.7457325e-01   6.4690387e-01  -5.6565720e-01   6.6132486e-01  -7.0259142e-01   1.2845036e-01   1.4738372e-01   7.4073970e-01   9.1359103e-01   3.0784914e-01   7.7650815e-01   2.8612441e-01  -9.9200994e-02  -4.2910713e-01  -5.1738590e-01   1.5341672e+00
   1.5142689e+00  -5.6027286e-02   1.2476334e-01   3.2880530e-01   6.7455822e-01  -1.0159632e+00   1.2673636e-01   7.5643480e-01   2.0038898e-01   6.8157935e-01  -2.2307570e-01   2.1919254e-02   1.3354537e+00  -1.7336227e-01   3.9873624e-01   8.3269328e-01   7.4242651e-01   1.2664425e+00   2.7012610e-01  -2.3633744e-01
   4.8321563e-01  -1.1421224e-01  -2.5931844e-01   4.1008711e-01  -7.2987145e-01  -5.2168238e-01   6.5961337e-01   1.4038053e+00   1.1334654e+00  -1.5057661e-01   2.4485473e-01   5.5084896e-01   5.3865671e-01   1.4283881e-01  -6.3026935e-01   8.2584834e-01  -1.2891201e+00  -1.9571768e-01   9.3117905e-01  -8.2435536e-01
   9.3594891e-01  -4.8775911e-01  -1.8922411e-01   4.2941937e-01   1.3883537e+00  -3.1656042e-02  -3.7119460e-01  -1.0654535e+00  -5.8880734e-01   3.4305313e-01   2.8228584e-01   3.7796002e-02   8.4874076e-01   3.3513285e-02   2.2106962e-01  -1.3877742e+00   1.1809932e+00  -1.7615165e-01  -2.2382346e-01  -8.6414212e-01
   1.2443271e+00  -2.1633640e-02  -9.7329594e-02   3.6206064e-01   1.1150000e-01   1.2883097e+00  -1.0743406e-01  -8.1909376e-01   8.8202095e-01  -4.2193574e-01   1.6482420e-01  -1.5590578e-01   1.5229080e+00   2.3969966e-01  -2.6165915e-01   5.5189803e-02   5.2218992e-01  -1.0478467e+00  -1.0166318e+00   3.1000662e-01
   2.0546675e+00   6.1264016e-02   1.1064317e-01   1.4011891e-01  -3.0069885e-01  -3.4745750e-01  -1.5835997e-01  -6.4389265e-01  -2.9743469e-01  -5.8508351e-02   1.2220549e-02   4.6284884e-02   1.9595007e+00  -3.1994772e-01   2.8054228e-01  -8.2502007e-01   1.7085518e-01   3.6670187e-01   2.0854695e-01   2.9863384e-01
   1.3694401e+00  -4.4158390e-01  -2.2674157e-01  -6.6613997e-03  -7.8520399e-01   2.7636439e-01  -9.4871238e-02  -7.3514700e-01   7.3894912e-01   1.0439216e+00  -1.8013117e-01   2.6713264e-01   3.1211704e-01  -1.9443165e-01  -3.3733985e-01  -1.6378980e+00  -1.1183648e+00  -3.7632546e-01   6.8579167e-01  -3.1905028e-01
   9.8982936e-01   9.9397212e-02   1.4528659e-02  -2.5034073e-01   8.1508100e-01  -5.4198980e-01  -1.2588787e+00  -2.7530035e-01  -7.5245863e-01  -8.7327361e-01   4.9167880e-01   1.9871990e-01   1.4256248e+00  -1.1393729e-02   7.5927752e-01   7.3160164e-02   9.9571157e-01   7.0941918e-02  -8.2385004e-01   6.5510929e-01
   1.1059841e+00  -2.4375959e-01   6.0328931e-01   1.5940261e-01  -6.9282711e-01   9.0889931e-01  -1.3376844e+00   1.8544430e-01  -1.9750388e-01   3.9888445e-01   6.0080212e-01   2.4445212e-01   1.1218356e+00   1.6021824e-01   7.9286295e-01  -2.3350827e-01  -6.7223972e-03  -5.3083575e-01   1.4671355e+00  -4.2144877e-01
   1.1789290e+00  -1.1809370e-02  -2.9810190e-01   4.5262975e-01  -5.1112956e-01  -1.1356750e+00  -5.5833274e-01   4.8309296e-01   6.9669265e-01  -8.5717124e-01   1.7568611e-02  -1.7194419e-01   1.4074603e+00  -3.8234684e-01   1.1733961e+00  -3.8266358e-01  -4.5855275e-01   8.9491564e-01  -3.3412945e-01  -4.4375172e-01
   1.0537484e+00  -1.4736138e-01  -5.0074011e-01  -1.0897058e-01  -6.0026026e-01  -4.7611895e-01  -4.2531797e-01   1.2933858e-01  -8.7351906e-01   1.4344416e+00  -1.1136159e-01  -3.5123208e-03   1.6465676e+00   2.5126845e-01   1.5690310e-01  -2.3631662e-01  -1.1895677e+00  -6.4331013e-01   2.4798883e-01   4.9232441e-01
