   1.6605155e+00   7.1515944e-03   5.2685261e-01   6.9878645e-02   7.4793303e-01  -5.5442965e-01   1.0456159e+00   1.9993167e-01   6.4075464e-01  -2.6272824e-01   6.8600404e-01   9.9527560e-02  -6.8363506e-01  -1.3445604e-02   1.5162681e+00   2.3159066e-01  -1.1138085e+00   1.1231921e-01   5.6704158e-01   6.4587706e-01  -8.1981212e-01   4.8391473e-02   6.4788520e-01   3.0609179e-01
   1.1578605e+00   1.3512135e-01   7.3191598e-02   2.7622110e-01   4.9515542e-01   1.1313446e+00   1.0668511e+00  -5.1776182e-02   9.1700637e-01   3.8069978e-01   9.5258182e-01   1.5089275e-02  -1.3304001e-01   1.4477624e-01   1.1268728e+00  -9.9148698e-02  -9.8004419e-01  -2.8955126e-01   5.6567466e-01  -1.2096266e+00  -9.4645900e-01  -1.5562744e-01   9.5228326e-01  -1.6525425e-01
   9.4547486e-01   1.9517310e-01   4.0179506e-02  -9.0293184e-02  -5.2538222e-01  -1.7873393e+00   8.3098620e-01  -1.6241463e-01   6.6804343e-01  -2.5834346e-01   5.9601623e-01  -4.9335599e-02  -1.1811800e-01  -1.8127106e-01   9.9380034e-01  -2.3590035e-03  -8.8412845e-01  -2.6669529e-01  -7.3591977e-01   1.6516011e+00  -5.0927407e-01  -2.5760901e-01   6.0595948e-01   3.8789305e-01
   1.2091788e+00   1.5192339e-01  -1.1728157e-01  -5.8542389e-02  -2.0690170e-01   8.9247756e-02   9.6842492e-01  -5.8640279e-03   1.6623213e+00  -9.9530078e-02   8.4805888e-01  -1.2863840e-01   1.8052457e-02  -8.8495508e-02   1.1031929e+00  -4.3750161e-01  -9.2927241e-01   1.7633341e-01  -2.8503147e-01  -7.6941483e-02  -8.9228100e-01   1.6594113e-01   1.6481262e+00  -2.4814299e-01
   9.9840647e-01  -2.2615638e-01   2.6899770e-01  -9.5290735e-02   8.2093394e-01   3.3145863e-01   1.0574562e-03   1.1763452e+00   1.3013856e+00   1.4131144e-01   9.4189137e-01   3.1980997e-01  -1.4089869e-01  -2.1715579e-03   1.0715067e+00  -6.9618955e-02   4.1674948e-01   1.1992003e+00   6.7418939e-01  -3.9556760e-01  -7.2749227e-01   6.2239516e-01   1.2249452e+00  -4.3277162e-01
   1.9291033e+00  -2.7797163e-01   1.3635829e-01  -5.4100780e-03   4.9971256e-01   6.8279606e-01   5.1931137e-01   7.2800589e-01   3.5421252e-01  -4.5514861e-01   3.9818573e-01  -4.1939390e-01  -1.9517192e-01   7.7671513e-02   1.9501773e+00  -1.0835542e-01  -4.1612342e-01   8.7811577e-01   3.1053454e-01  -6.5488833e-01  -5.0726289e-01  -3.3949581e-01   4.2318386e-01   3.4601587e-01
   2.0145552e+00   2.2545815e-01   2.1819513e-01  -1.0527228e-01  -1.1422200e-01  -1.9634247e-01   1.0616936e-01   5.2022547e-01   4.3971124e-01   2.5080299e-01   9.9079049e-01   5.1051670e-01  -2.5751066e-01  -1.1422137e-01   1.9745679e+00   1.2201489e-01  -1.5612181e-01   3.7636521e-01  -1.7711031e-01   1.4053464e-01  -1.2070708e+00   3.4454957e-01   4.4723272e-01  -1.1807667e-01
   1.0418756e+00   7.8323536e-02  -1.1148397e-01   6.2527642e-02  -6.1199796e-01  -1.5024485e-01  -7.5621873e-01   5.5362290e-01   1.4389559e+00  -1.4550586e-01   1.1509385e+00   4.4734386e-01   3.5244346e-02   1.2976460e-02   1.0799702e+00   8.7981345e-03   7.5744075e-01   6.5588480e-01  -5.3315020e-01   1.1241487e-01  -1.2752031e+00   2.9070553e-01   1.3473989e+00   7.2468191e-02
   8.7105691e-01   1.2871176e-01   1.7270651e-01   3.1151620e-01   9.4821995e-01   1.2159146e-01   3.7044499e-02  -4.4451222e-02   1.3042248e+00  -4.0873900e-01   1.3668129e+00   6.6657454e-01  -1.8407597e-01   2.3023283e-01   8.3677864e-01  -2.4202223e-01  -5.1355965e-02   3.2096894e-03   8.7541312e-01  -2.1089196e-01  -1.3542933e+00   8.1392306e-01   1.3361814e+00   2.4269797e-01
   2.1051753e+00   3.5834056e-01  -2.0566392e-01   1.1287949e-01   1.6744843e-01   4.7909272e-01   3.2756484e-01  -5.2625716e-01   6.0509992e-01   2.9942883e-02   6.0928452e-01   6.8598278e-02   1.7396984e-01   7.5915806e-02   2.1787457e+00   2.1835794e-01  -1.6860400e-01  -6.1712408e-01   1.6202217e-01  -3.9934093e-01  -5.3213704e-01  -9.5924117e-02   5.2342540e-01   8.9550704e-02
   1.5899467e+00  -2.6042527e-01  -9.5032178e-02   3.0079490e-01  -2.9469305e-01   1.5171602e-01  -2.6444831e-01  -9.7345941e-02   1.4325162e+00   9.0316939e-01   4.2988381e-01   2.5070089e-01   1.2589218e-01   3.4450224e-01   1.5771697e+00   5.4719031e-02   1.0880422e-01  -1.0079216e-01  -2.7660698e-01  -2.5971645e-01  -5.1325548e-01   4.0372676e-01   1.2452976e+00  -1.1098903e+00
   8.0702913e-01   1.8061502e-01   6.8670854e-02   1.7428935e-01  -1.1973130e+00  -3.5694510e-02  -6.9820762e-01  -1.0454943e+00   9.5198065e-01   7.8727588e-02   1.1208071e+00   3.1133741e-01  -1.1450650e-01   1.4755982e-01   7.2627127e-01  -2.5755221e-01   6.1217886e-01  -1.0600835e+00  -1.2049217e+00   6.6917308e-02  -1.0574012e+00   4.6395937e-01   1.0402185e+00   3.2364424e-02
   1.8644251e+00   1.4997983e-01   7.0449216e-03   3.2712133e-03   6.4036411e-01  -4.3547451e-01  -8.0011129e-01   2.7951199e-01   7.2488654e-01  -9.8220810e-02   6.8025357e-01  -4.3070072e-01  -9.3114235e-02   2.9321907e-02   1.8303169e+00  -2.3997882e-01   7.8395593e-01   2.5190926e-01   6.1680204e-01   3.8486746e-01  -7.3034990e-01  -4.4248146e-01   8.0032915e-01   8.0493309e-02
   7.2691637e-01   1.1206232e-01   1.0236806e-01  -2.4246205e-01   4.1255406e-01   1.2810555e+00  -7.4181455e-01   4.6570614e-02   1.2007898e+00  -8.3193326e-01   8.7521625e-01  -3.5495594e-01  -1.4890163e-01  -1.3950157e-01   5.9798777e-01  -4.5512667e-01   7.4715513e-01  -3.5280034e-01  -4.0722615e-01  -1.2632973e+00  -9.1611993e-01   1.1970074e-01   1.4471475e+00   3.6546793e-02
   1.4439896e+00   1.1445931e-01   3.1853095e-01   2.5318098e-01  -7.9717588e-01  -1.0701464e+00  -9.0570265e-01   2.6058382e-01   6.4840901e-01   6.8038896e-02   4.3323398e-01  -6.7421871e-01  -2.0565158e-01   3.0994490e-01   1.3807044e+00  -2.6469442e-01   9.3981707e-01   7.1877517e-02  -6.6205317e-01   1.2067345e+00  -5.3859574e-01  -4.7475305e-01   7.5902253e-01  -1.0343059e-01
   1.7376964e+00  -4.8734277e-01   1.7178380e-01  -3.8775021e-01  -5.0277537e-01  -1.4233087e-01  -1.2571142e+00  -2.1293432e-01   2.2528116e-01   4.2962927e-01   6.3683742e-01   1.5308589e-01  -2.9375488e-01  -2.3301844e-01   1.8579134e+00  -3.4233931e-01   9.5970172e-01  -7.5900841e-01  -3.3873966e-01   3.1231916e-01  -4.7282797e-01   3.0991533e-01   3.9413087e-02  -5.0970268e-01
   7.4440211e-01   8.9965560e-02  -1.7766427e-01   1.3238437e-01   1.7769791e+00   3.2090119e-01   1.2370164e+00   3.2880104e-01   1.0280526e-01   2.8076214e-01   5.7715905e-01   2.5926873e-01   4.4026535e-02   9.4389647e-02   7.6228094e-01  -4.8844367e-02  -1.4862573e+00   1.2180842e-01   1.6068542e+00  -7.4315317e-02  -6.6905695e-01   2.4459957e-01   8.4289908e-02  -2.8252885e-01
   1.7499009e+00   5.0290292e-03  -2.4889311e-01  -1.4020339e-01   1.2489615e-01   3.4312478e-01   4.8412108e-01  -7.1161717e-02  -1.0213105e-01   5.7783675e-01   1.2764131e+00  -7.1406496e-01   2.0266399e-01  -1.1170845e-01   1.6803774e+00  -2.2656904e-01  -5.6263036e-01   5.7957243e-02   6.7106605e-02  -3.3093691e-01  -1.4148912e+00  -5.9662950e-01  -1.2771839e-01  -5.1314354e-01
   1.5131813e+00   3.8885146e-01   1.1668731e-02   8.3483048e-02   1.0062103e-01  -9.2602956e-01   9.5986295e-01   1.6127938e-01   7.5575314e-02   7.5205952e-01   1.0794981e+00   1.8629357e-02  -1.3440501e-02   1.4790027e-01   1.5404773e+00  -4.6981564e-01  -9.3585271e-01   1.2206256e-01   9.6433446e-02   9.4153470e-01  -1.0478345e+00   5.2663911e-02   5.4576233e-02  -7.0280266e-01
   1.3051345e+00   4.5188203e-01  -1.6213028e-01  -1.2881099e-01  -1.2313936e+00   1.5601942e-01   1.2878960e+00   2.1436790e-01  -5.1526502e-02   6.5380883e-01   4.4450191e-01   4.2017010e-01   1.8517235e-01   1.4312016e-02   1.3025237e+00   3.3682543e-01  -1.2620995e+00  -5.4854000e-01  -9.4921052e-01  -6.8485725e-01  -6.1596298e-01   1.1322158e-01   3.4683526e-01  -6.1574364e-01
   1.5513537e+00   1.2277755e-01  -2.8904912e-01  -5.5521488e-02   1.0959803e+00  -7.3388629e-02   2.2404416e-01   1.0773022e+00  -6.4839967e-02   8.0356365e-01   6.4934850e-01   5.1849544e-02   2.8059205e-01   5.3225257e-03   1.5416682e+00   2.3603487e-01  -4.6794584e-01   9.8960048e-01   1.0549138e+00   2.4586098e-01  -6.4847881e-01  -9.2327848e-02   1.3687067e-01  -8.1818706e-01
   9.5762461e-01  -2.4788227e-02  -1.0754348e-01  -1.4660192e-01   1.8749829e-01   9.7244966e-01  -1.6662027e-01   8.2482874e-01  -9.3035631e-02   1.2153291e+00   1.1873134e+00  -6.8188757e-01   6.8811163e-02  -1.5099794e-01   8.8813120e-01  -1.1916227e-01   2.3037040e-01   7.7564424e-01   1.2105253e-01  -9.7422320e-01  -1.2684879e+00  -6.8602651e-01  -3.7199348e-01  -1.1545370e+00
   1.1939960e+00  -1.4146987e-01  -8.4449269e-02  -1.3435304e-01   3.6246359e-02  -1.3422067e+00  -4.9582666e-01   1.4278641e+00  -3.4095079e-01   3.8911539e-01   4.0337470e-01  -1.0646963e-01   7.1163006e-02  -1.5473272e-01   1.1009288e+00  -8.8801987e-02   7.1431440e-01   1.3190900e+00   2.8714964e-01   1.3550043e+00  -5.1756728e-01  -9.4848461e-02  -3.9782476e-01  -3.8365626e-01
   1.4248302e+00  -8.8780567e-02   9.6735403e-02  -5.4314744e-02  -1.1725869e+00  -4.2856905e-01  -3.3875296e-01   8.5039985e-01   3.5331610e-01   7.8404492e-01   8.1015289e-01   3.9648020e-01  -8.3374545e-02  -8.0751628e-02   1.3860222e+00   1.8573986e-01   1.4317912e-01   9.0634090e-01  -1.2271467e+00   3.0996287e-01  -8.5621595e-01   2.8273931e-01   4.4224465e-01  -7.6054108e-01
   1.6093655e+00   1.8568702e-01   1.7802936e-01   5.6675173e-02   1.0094962e+00   1.5021640e-01   2.7205712e-01  -5.6087172e-01  -2.4729721e-02   1.0433314e+00   8.9858860e-01   1.1706527e-01  -2.2964713e-01   1.1663310e-01   1.6244171e+00   2.2805439e-01  -1.2017625e-01  -6.0798138e-01   1.0105745e+00   1.9898161e-01  -9.1307002e-01  -1.4128469e-01   2.8173175e-01  -9.3002701e-01
   8.9792615e-01  -1.1735035e-01  -1.1505682e-01  -1.9929141e-01  -7.1009882e-02   8.5785639e-01   5.8781672e-01  -1.4155964e+00  -4.4577289e-01   1.0328588e+00   8.1005162e-01   3.3897841e-01   4.7407211e-03  -2.5823551e-01   8.4966266e-01  -1.2573078e-01  -8.1511480e-01  -1.1802579e+00  -3.5678643e-01  -7.9374778e-01  -6.9312388e-01   6.6868532e-01  -6.9759071e-01  -9.8316336e-01
   8.0536956e-01  -3.0924052e-01  -9.0939105e-02   3.7590452e-02  -1.3859122e-01  -1.1633478e+00  -1.5593204e-01  -1.3462645e+00   1.0063253e-01   6.8109095e-01   1.2489640e+00   5.3066052e-02   1.3122807e-02   8.3385088e-02   7.8062195e-01   3.7954149e-01   3.8501993e-01  -1.3277587e+00  -2.5741333e-01   9.9615544e-01  -1.2884079e+00  -2.3601818e-01   2.9975519e-01  -6.8126988e-01
   1.1304637e+00  -3.1923365e-02  -5.3458285e-02   6.3319758e-02  -7.2308600e-01   1.3561742e-01   1.5049196e-02  -6.1603606e-01   3.2142386e-01   8.3232236e-01   1.7137765e+00  -2.4513394e-01   1.5539348e-01  -3.9583948e-02   1.0753227e+00   2.7665293e-01   1.2899333e-01  -6.5152305e-01  -7.3076105e-01  -3.6692870e-01  -1.5790440e+00  -5.3103119e-01   4.1698667e-01  -8.2608002e-01
   4.7974738e-01  -1.5410359e-02  -1.1770537e-01   5.1053744e-02   1.4816523e+00   1.9235855e-01  -9.7368574e-01  -8.6011007e-02   7.9328783e-02   1.4031298e+00   5.8047456e-01   5.0335896e-01   1.2562637e-01   5.4235891e-03   4.8681346e-01  -8.2357801e-02   8.5037613e-01  -1.5863806e-01   1.4940616e+00  -3.9470851e-01  -6.3147777e-01   5.4317880e-01  -1.8284221e-01  -1.3699852e+00
   1.4165227e+00  -2.5137523e-01   1.3404143e-01  -7.5528994e-02   2.1832117e-01   1.0601726e+00  -6.9488198e-01  -2.6530373e-01   2.9800624e-01   6.8325055e-01   1.2508926e+00  -2.4769568e-01  -1.7775756e-01   1.9126572e-02   1.3815964e+00   1.2979941e-01   5.3064716e-01  -2.7898782e-01   2.1674013e-01  -1.0973717e+00  -1.4039334e+00  -3.6884274e-02   2.0036538e-01  -6.4747441e-01
   1.5227660e+00   8.9589320e-03  -2.9652273e-02  -1.0179581e-01   2.2291841e-01  -8.2924736e-01  -5.0534445e-01   7.8615308e-02  -2.0129779e-01   1.1057881e+00   1.1514782e+00   2.8596374e-01   8.5168578e-02  -2.2751121e-01   1.5121996e+00  -3.5918713e-02   3.4344450e-01   2.2092242e-02   2.2413273e-01   8.7060219e-01  -1.1274956e+00   3.3946669e-01  -1.6010873e-01  -1.1463865e+00
   1.2243894e+00   5.1208609e-01  -2.6539788e-01   2.8044999e-01  -7.8349447e-01  -1.5883671e-01  -1.6496408e+00   1.0662568e-01   2.6057097e-01   7.6311052e-01   2.5946969e-01  -1.4638994e-02   8.1442870e-02   3.2270309e-01   1.3855677e+00   2.6458051e-02   1.3606840e+00   8.1623745e-01  -7.9899430e-01  -1.9910067e-01  -1.2407745e-01   2.5757812e-02   5.9835911e-01  -6.3158673e-01
   1.0358287e+00  -2.7165918e-02  -3.1720701e-01  -1.9175278e-01   1.2488945e+00  -3.2614389e-01   8.4056413e-01   2.9850551e-01   3.5513458e-01  -1.4178103e+00   3.9591229e-01  -1.8471271e-01   2.9559568e-01  -2.2842371e-01   1.0845236e+00  -5.2674826e-02  -8.3969665e-01   3.1189489e-01   1.2707155e+00   3.2766309e-01  -4.4623524e-01  -6.5187305e-02   3.8651675e-01   1.3432273e+00
   1.5833997e+00   2.0476899e-01  -1.5269683e-01  -2.3777269e-01   5.4795332e-02   8.9959455e-01   8.3726013e-01  -2.2402316e-01  -1.5155835e-01  -9.8178434e-01   9.0546948e-01  -2.9227784e-02   6.7544751e-02  -1.2792811e-01   1.6088046e+00  -7.0406325e-02  -8.7462169e-01  -2.9761037e-01   1.0004919e-01  -8.0151182e-01  -8.2492191e-01  -2.1051143e-01  -2.2990122e-01   1.0498725e+00
   1.3431542e+00  -2.7828979e-01  -2.5567263e-01   1.3781001e-01   1.6708975e-01  -5.5180979e-01   7.6248562e-01  -1.8285020e-01  -2.8042033e-01  -6.3422412e-01   1.5681951e+00   3.8312998e-01   3.2931367e-01   1.7639549e-01   1.2833629e+00   6.6499248e-02  -8.6828178e-01   6.1654855e-02   2.6128167e-01   5.7593763e-01  -1.4517033e+00   5.3297591e-01  -2.6570845e-01   7.6759475e-01
   1.1064526e+00  -1.3656732e-01   1.6919872e-01   1.7805250e-01  -8.7773132e-01   3.5614750e-01   1.4892665e+00   6.1538559e-01  -1.6549276e-01  -5.0542587e-01   9.5735395e-01  -5.9538554e-02  -1.3680381e-01   1.8893120e-01   1.1595478e+00   8.4570237e-02  -1.4215975e+00   8.3215714e-01  -8.6457306e-01  -2.4126826e-01  -9.1460752e-01   4.6965677e-02  -9.2827737e-02   4.7690070e-01
   1.3862342e+00   1.2324187e-01  -2.6849452e-01  -8.3958171e-03   8.5858840e-01   6.4465547e-01   4.7045390e-04   8.0096644e-01   2.9081250e-02  -6.7476672e-01   1.2280128e+00   4.8221648e-01   2.8227764e-01   1.1996408e-01   1.3218211e+00   1.1231088e-01  -1.7755622e-01   8.8137221e-01   8.3840102e-01  -5.2294111e-01  -1.3141106e+00   2.0008308e-01  -8.6162791e-02   7.6618016e-01
   1.0767514e+00   1.7486544e-02   5.0881192e-02  -1.6942555e-01  -2.8235069e-01   1.1270108e+00  -5.0804222e-01   1.3243343e+00   1.6484022e-01  -8.0435574e-01   7.6773286e-01  -4.2847282e-01   4.1264471e-02  -1.7704487e-01   1.1311055e+00   1.3469741e-01   8.7670207e-02   1.3896785e+00  -3.0306745e-01  -1.1374829e+00  -5.8471966e-01  -5.1878834e-01   1.9600029e-01   8.3387280e-01
   1.0204685e+00  -1.6521302e-01   6.4870112e-02   2.3596185e-01   1.0294862e-02  -1.0608478e+00  -1.4378457e-01   1.1840888e+00   5.7679708e-03  -1.0163100e+00   1.1299268e+00  -1.1646555e-01  -1.4789867e-01   2.9339781e-01   1.1370661e+00   1.9654220e-01   1.1040106e-01   1.1912634e+00  -2.6883684e-02   1.0826695e+00  -1.0562969e+00  -2.4134263e-01   3.1970620e-02   8.8389510e-01
   1.3757201e+00   3.7797458e-02   4.3260136e-01  -1.2946273e-01  -5.7560927e-01  -7.1027465e-02   2.3773821e-01   5.8789897e-01   3.2380674e-02  -1.3464644e+00   1.1121455e+00   3.3565235e-01  -4.1022176e-01  -7.4232124e-02   1.3216158e+00  -5.1568802e-02  -2.4089102e-01   6.4419091e-01  -5.6968540e-01   1.3069408e-01  -1.0816989e+00   4.5480299e-01   8.7545022e-02   1.3702791e+00
   1.5480107e+00   2.5843382e-01   1.1803432e-01  -5.5349413e-02   9.8327434e-01   1.5011732e-01  -5.6290135e-02  -6.7499447e-01   1.6647740e-01  -8.6761326e-01   1.0965843e+00  -2.9793459e-01  -2.2867266e-02   6.1034239e-03   1.5066451e+00   4.6844482e-03   1.5240355e-01  -6.9428629e-01   9.5650882e-01   1.8577427e-02  -1.1710494e+00  -4.3849960e-01  -1.0834880e-01   8.5647309e-01
   9.7799551e-01   2.2815120e-01  -1.1148822e-01   2.7642461e-02   9.1261175e-03   8.6979353e-01   6.3059801e-01  -1.6521609e+00  -4.9795702e-02  -7.0119482e-01   7.0618290e-01   3.1861708e-01   6.8173967e-02   7.0110247e-02   1.0098355e+00  -2.7636763e-02  -2.7577674e-02  -1.6772728e+00   4.2844057e-01  -9.1933352e-01  -8.2609183e-01   3.6211077e-02  -2.0331098e-01   6.3410658e-01
   9.3780547e-01  -3.0542451e-01   1.2743020e-01   2.9596362e-01   4.5561008e-02  -7.6570648e-01  -2.7425754e-01  -1.5572461e+00   1.8061404e-01  -8.5943925e-01   6.2297744e-01  -8.2184619e-01  -6.3899141e-03   3.0004081e-01   9.2396766e-01   6.1644934e-02  -2.5221655e-01  -1.6278824e+00   2.7825555e-01   7.6104659e-01  -8.2005930e-01  -5.9537953e-01   3.2247612e-01   7.4244273e-01
   1.6989113e+00   1.2861766e-01   1.5780798e-01   2.4092317e-02  -1.0168283e+00   7.6458108e-01  -1.6307096e-01  -4.4902977e-01   5.9961237e-02  -3.3270156e-01   9.1720736e-01  -5.1901460e-01  -2.0471725e-01   4.5484710e-02   1.6868047e+00  -1.5411851e-02   1.9236735e-01  -4.2048559e-01  -9.5590073e-01  -8.3827502e-01  -9.2221534e-01  -5.6680042e-01  -6.6332057e-02   3.2259345e-01
   8.5979986e-01  -3.3001903e-01   3.3783071e-02   1.0846382e-01   1.3323812e+00  -8.0404297e-02  -1.3140407e+00   4.7501782e-01  -1.0764764e-01  -4.4434279e-01   1.0918257e+00  -6.1358489e-02  -1.1115630e-01   5.2062362e-02   7.6952147e-01   4.1146871e-01   1.2060598e+00   6.8284047e-01   1.3554678e+00   2.1711129e-01  -1.1111395e+00  -1.5327893e-01  -1.0722705e-01   3.8543528e-01
   1.4997864e+00   3.9009395e-01   3.8370913e-01   1.2506051e-01  -1.6429564e-02   5.2949023e-01  -5.6666309e-01   4.8536148e-02  -3.0752626e-01  -1.0613146e+00   1.2415813e+00  -2.6271063e-01  -3.6101449e-01   1.2388643e-01   1.5552646e+00   3.2497205e-02   4.9624956e-01   1.3384193e-01   1.1214229e-01  -5.0714010e-01  -1.2173934e+00  -5.1841527e-01  -4.5743117e-01   9.6975708e-01
   1.4744993e+00  -5.0146151e-03   1.9717287e-01   5.8976881e-02   3.6862053e-02  -6.7194575e-01  -5.3672546e-01  -6.5156543e-01   8.4204710e-01  -5.3805745e-01   1.2224132e+00   3.5376033e-01  -1.6453983e-01   6.8582632e-02   1.5241808e+00   1.8526962e-01   5.7880753e-01  -6.3510895e-01   4.3196199e-04   6.3154888e-01  -1.1564009e+00   2.1701482e-01   8.0835551e-01   6.6010487e-01
   1.0431287e+00   8.7850019e-02  -1.9348256e-01  -5.1507812e-02  -1.3753377e+00  -3.3210656e-01  -9.6831483e-01  -4.5562464e-01  -1.1966196e-01  -8.6712599e-01   9.7434205e-01  -3.7844323e-02   2.5277004e-01  -4.8677497e-02   1.0601108e+00   2.2690688e-01   9.9817580e-01  -8.7319650e-02  -1.4455844e+00  -1.1114293e-01  -9.4701111e-01  -3.4156013e-01  -3.6205542e-01   7.1259528e-01
   1.8977215e+00   6.7821637e-02  -6.5083099e-03  -2.2517352e-01   2.6890641e-01   2.1928681e-01   1.2781078e+00   1.2073205e-01  -6.1057770e-01  -1.9325811e-02   4.2694104e-01   1.3898394e-01  -8.5158676e-02  -2.1515338e-01   1.8969414e+00  -1.6385795e-01  -1.2752119e+00   2.4524212e-01   2.4721366e-01  -1.7585585e-01  -3.9031810e-01   1.7792368e-01  -5.9833282e-01   2.9392740e-02
   1.1630306e+00   2.1390693e-01  -2.0518439e-01   1.9191194e-02  -4.8847654e-01   1.0971948e+00   4.2342886e-01   6.5760814e-02  -1.3772457e+00   4.9357450e-01   7.5077724e-01   4.7852272e-01   2.5195047e-01   7.1675919e-02   1.1604744e+00  -1.1840610e-01  -4.7261825e-01   4.8786957e-02  -3.0266821e-01  -1.1873928e+00  -8.2073748e-01   5.0181764e-01  -1.2799793e+00  -5.2879781e-01
   1.5003349e+00  -1.2680255e-01   3.0744123e-01   1.8458910e-02   6.8950552e-01  -1.4776859e+00   5.8878213e-01   2.7196237e-01  -5.6975794e-01   1.0265736e-02   3.3324686e-01  -3.5024211e-01  -2.9533178e-01  -4.2320867e-03   1.5315986e+00  -1.2832719e-01  -5.4475731e-01   3.3746821e-01   9.7064108e-01   1.3237357e+00  -3.4861016e-01  -2.4441212e-01  -5.0461328e-01   9.7629540e-02
   1.7437099e+00   1.1498971e-01  -1.8660836e-01  -5.0921088e-01  -1.1265789e+00  -3.9852756e-01   4.9088818e-01   4.3891257e-01  -4.6269473e-01  -1.6612418e-01   7.4072856e-01  -1.2418563e-02   3.1739369e-01  -3.9454782e-01   1.7057029e+00   4.3652523e-01  -5.9694815e-01   1.7557266e-01  -1.1668502e+00   2.1667948e-01  -7.7325708e-01  -2.0550820e-01  -4.5496112e-01  -2.8336735e-02
   6.5131843e-01  -5.0051339e-02  -8.4216967e-03  -1.0111937e-01   2.7391219e-01   3.0548158e-01   2.2690395e-01   6.4178336e-01  -1.5135063e+00   2.5461185e-01   1.6041121e+00   5.0598230e-02  -3.7554651e-02  -1.2991588e-01   6.6455889e-01   6.9918700e-02  -2.8886038e-01   6.0128176e-01   3.4782678e-01  -2.5945434e-01  -1.6646529e+00  -1.8877966e-02  -1.4049709e+00  -3.9564559e-01
   1.6945449e+00   3.0039424e-02   6.0871737e-03   6.7825019e-02  -3.1025144e-01   4.1959548e-01  -8.2335210e-01   1.0259928e+00  -4.4064504e-01  -1.0177962e-02   8.8347322e-01   3.8117602e-01   1.3660848e-01  -2.0827478e-02   1.6913657e+00  -1.8233548e-01   7.7847916e-01   9.8646080e-01  -4.0387541e-01  -3.0658436e-01  -9.5681244e-01   3.9968020e-01  -4.1832125e-01   2.1653507e-02
   1.5459545e+00  -2.8180934e-02   1.4359413e-01   9.3992231e-03  -1.8478234e-01  -8.8731569e-01  -5.0453943e-01   3.7484306e-01  -1.1365047e+00  -5.2432245e-01   8.6310750e-01  -2.4590829e-01  -2.0349163e-01   4.2644441e-02   1.4356709e+00   5.0581986e-01   3.1032059e-01   5.5146384e-01  -3.2379469e-01   7.7271104e-01  -8.2842404e-01  -5.1748836e-01  -1.2440560e+00   1.8888150e-01
   9.9573028e-01   4.9301445e-02   1.6914253e-01   4.4875078e-02  -6.0226256e-01  -3.2702601e-01   1.8324208e-01   1.1990672e+00  -6.6228706e-01   6.4208502e-01   1.3464198e+00   6.0886604e-01  -2.2076432e-01   7.0668273e-02   9.5276475e-01  -8.8614009e-02  -2.1762756e-01   1.1479201e+00  -6.7129737e-01   4.1556731e-01  -1.3755286e+00   5.1859689e-01  -7.1480417e-01  -6.0849839e-01
   1.1298372e+00  -4.5420643e-02   5.7099298e-02  -4.0929522e-02   3.9173824e-01   1.2266847e-01  -1.9856296e-02  -6.9187844e-01  -1.2044241e+00   9.8716073e-02   1.3602171e+00   8.7080395e-01  -1.6227372e-01  -5.2434996e-02   1.1061887e+00  -1.0521567e-02  -7.8377072e-03  -7.1284837e-01   4.1157180e-01  -1.4093903e-01  -1.2582619e+00   8.6460954e-01  -1.2880474e+00  -2.4463357e-01
   1.9291785e+00   1.8978193e-01  -2.2177166e-01  -1.2267819e-01   1.4302169e-01   2.6750494e-02  -4.9535930e-02  -9.2705362e-02  -1.0907540e+00  -9.0168351e-01   3.7210152e-01   6.7563415e-02   2.0232314e-01  -4.9841121e-02   1.9227871e+00   1.7940126e-01  -8.3471842e-02  -1.7237121e-02   2.3633441e-01   5.8872942e-02  -3.0117208e-01  -4.8505655e-03  -1.2147865e+00   7.7088720e-01
   1.7257946e+00  -5.0810987e-01   1.1343580e-01   3.2172558e-01  -2.3531209e-01  -6.2089813e-01  -7.3850058e-02  -9.9440873e-01  -8.6418933e-01   8.3802462e-02   6.7639214e-01  -2.3255117e-02  -5.6829840e-02   4.1268972e-01   1.6884619e+00   3.6760676e-01  -1.0799177e-02  -1.1209440e+00  -9.6429795e-02   6.0587406e-01  -7.3564702e-01  -4.3430205e-02  -8.1501341e-01  -9.7658383e-03
   1.1273886e+00  -9.0809904e-02  -1.5751822e-01  -1.5545423e-01  -9.2792290e-01   1.6253082e-01   1.6854620e-01  -7.5665116e-01  -1.0333925e+00  -5.7492584e-01   1.3358543e+00   2.0911399e-02   2.7377909e-01  -2.3815812e-01   1.0275977e+00   3.3920404e-01   4.1515298e-02  -6.4808983e-01  -8.8775533e-01  -4.4000131e-01  -1.3939528e+00  -3.5773298e-01  -1.0814818e+00   2.3059453e-01
   1.8974558e+00  -2.9973081e-01   1.7865670e-01   2.2054151e-02   1.0900440e+00   2.5524847e-02  -4.4849914e-01  -2.6677702e-02  -6.9614649e-01   1.1126511e-01   6.1175245e-01  -1.2436573e-01  -3.2107371e-01   4.8244070e-02   1.8991480e+00   1.1745086e-01   4.5386803e-01  -6.0666647e-02   1.0411679e+00  -6.4821154e-02  -6.4723009e-01  -7.3340692e-02  -7.2000259e-01  -1.8283528e-01
   9.7150540e-01  -2.7556932e-01   1.7073385e-01   1.8284646e-01   5.3725922e-01   1.0131009e+00  -1.2716255e+00  -1.9474341e-01  -1.1406132e+00   1.7758892e-01   7.8275037e-01   4.9449861e-02  -1.9021612e-01   2.9997969e-01   9.8253131e-01   1.0535331e-01   1.0957873e+00  -4.3425214e-01   5.6769598e-01  -1.0392030e+00  -7.5568146e-01   5.9683092e-02  -1.2361265e+00   5.6491617e-02
   1.1667436e+00   4.1407980e-02  -6.8727061e-02   1.6183661e-02   1.8897623e-01  -8.3979195e-01  -1.3733968e+00  -4.5326263e-01  -1.0394535e+00   1.9984445e-01   7.2739822e-01  -3.8713309e-01   9.5965132e-02  -2.0433096e-02   1.2215261e+00  -2.2692919e-01   1.3424610e+00  -7.2523689e-01   3.0368900e-01   6.6895258e-01  -8.0301219e-01  -3.4193692e-01  -8.9812052e-01  -1.0239688e-01
   1.7349859e+00  -1.8372495e-01  -2.6486450e-01  -3.9128043e-02  -3.1935176e-01   2.3766924e-01  -7.4389911e-01  -3.8250227e-02  -9.8779553e-01   8.8987392e-01   6.2706423e-01  -1.0117882e-01   1.3683431e-01  -2.0739395e-02   1.7633884e+00  -2.1148622e-01   6.1934817e-01  -1.5003224e-01  -3.4096074e-01  -2.0232004e-01  -6.8717062e-01  -2.8814772e-02  -1.1681796e+00  -6.5239197e-01
   9.1969389e-01   3.3606324e-01  -9.1152668e-02  -1.5291207e-03   1.3979800e+00  -7.7234418e-03   1.0101006e+00  -2.6113454e-01   7.5606209e-01   2.1199907e-01  -4.2999670e-01   1.0902020e+00   1.4565225e-01   5.9018612e-02   1.0267442e+00   2.0469997e-02  -7.6818287e-01  -5.1851052e-01   1.3004156e+00   4.9169728e-01  -5.8602501e-02   1.2362567e+00   7.6799214e-01   8.5420661e-02
   1.3879652e+00  -2.9053833e-02  -1.2522274e-01   1.5657413e-01   9.1239877e-02   4.3422511e-01   9.5113945e-01  -5.9937346e-01   6.6753107e-01  -3.4106636e-01   5.1703632e-01   1.3200271e+00   1.3817734e-01   6.6676594e-02   1.4148480e+00  -5.6163084e-02  -9.6537358e-01  -5.3045714e-01   2.5893196e-02  -4.3803561e-01  -5.7438594e-01   1.2941585e+00   6.8140930e-01   3.1072786e-01
   1.6364213e+00  -2.3872201e-01   4.3179341e-02   4.8751825e-01  -2.3821087e-01  -1.9691072e-01   1.3221925e+00   2.9406929e-01   8.9310211e-01   2.8890666e-01   6.5508232e-02   4.5828027e-01  -4.3687604e-02   3.6818817e-01   1.7216800e+00  -5.1508334e-02  -1.2354815e+00   4.9454647e-01  -1.9721352e-01   1.9657153e-01  -6.7694068e-02   4.2569628e-01   8.0929744e-01  -4.5432055e-01
   6.8961328e-01  -1.5807314e-01   4.0149593e-01  -1.7397970e-01  -1.0721713e+00  -5.1898956e-01   1.5963447e+00   5.8673841e-01   5.7583416e-01   3.5680005e-01  -8.1766829e-02   7.2864306e-01  -3.7148952e-01  -2.6177171e-01   6.8631721e-01   4.0391982e-02  -1.7669624e+00   5.8304423e-01  -8.2539344e-01   4.6701989e-01   1.3218649e-01   7.4269193e-01   5.6287390e-01  -2.7099386e-01
   1.3849045e+00   1.6384965e-01  -9.8519340e-02  -2.4425334e-01   4.7284141e-01  -1.4683298e-02   2.0193480e-01   4.2976487e-01   1.1710658e+00   3.5934535e-01  -4.2007616e-01   1.3636600e+00   3.8292050e-02  -2.1251430e-01   1.4316020e+00  -8.5303690e-03  -1.7802127e-01   3.7799722e-01   3.6230034e-01   1.7405303e-01   1.7049210e-01   1.4146901e+00   1.1778221e+00  -3.8730404e-01
   7.0675892e-01  -2.5364420e-01  -7.7043809e-02  -5.6083792e-01  -2.5581831e-01   7.4570101e-01  -1.8368953e-01   6.9842827e-01   1.3239003e+00  -2.3444438e-01  -7.0573270e-01   1.2910810e+00   1.3668852e-01  -5.2166831e-01   5.8436292e-01   3.9215690e-01   1.4845006e-01   7.0795560e-01  -6.4142711e-02  -8.0344969e-01   3.3299410e-01   1.4430584e+00   1.2934331e+00   4.1803715e-01
   1.1071599e+00   3.6757830e-01   9.1571108e-02   3.1749719e-01   1.7668192e-01  -1.3411961e+00   1.4876533e-01   6.5605378e-01   9.4942319e-01  -1.4719535e-01  -6.5474558e-01   9.4634563e-01  -1.2880997e-01   1.5647468e-01   1.1480709e+00  -3.6016050e-01  -2.4446589e-01   5.9669667e-01   1.4127906e-01   1.3846477e+00   5.0136840e-01   1.0056273e+00   9.2408645e-01   2.0378777e-01
   1.4245650e+00   1.6733752e-01  -2.3845281e-01  -3.2496650e-02  -8.0035746e-01   3.1715474e-01   4.3554276e-01   9.9937123e-01   1.1449993e+00  -2.8308722e-01   6.2312644e-02   7.4836743e-01   2.7032790e-01   8.4624119e-02   1.3039309e+00   1.9766371e-01  -6.4807099e-01   9.4145656e-01  -7.1116841e-01  -4.3207741e-01  -1.7785026e-01   7.3670828e-01   1.1370832e+00   5.6065977e-01
   1.7878479e+00   3.6106205e-01  -6.7439198e-02  -4.5980737e-02   8.3331943e-01  -3.5176191e-01  -4.0680665e-01  -1.2262083e+00   3.5503924e-01  -1.2537418e-01   1.3602069e-01   1.3806872e-01   1.1825205e-01  -2.0290107e-01   1.7361211e+00  -5.9089506e-01   1.6980927e-01  -1.3109024e+00   7.4219185e-01   2.4214588e-01  -1.5152475e-01   1.8568540e-01   3.6775798e-01   1.7918305e-01
   1.3176335e+00   2.7320492e-03  -7.5299889e-02   3.8349451e-03   4.3326038e-01   1.2944906e+00  -1.8592751e-01  -1.1557955e+00   9.3244046e-01   1.6862409e-01  -3.7444752e-02   3.5357547e-01   1.0780407e-01  -7.5213285e-03   1.3354079e+00  -1.7932837e-01   1.4286618e-01  -1.1388714e+00   4.4890106e-01  -1.2963065e+00  -5.9127770e-02   4.0363353e-01   8.7223655e-01  -2.1511567e-01
   5.6524587e-01   5.2639037e-02   1.1755639e-01   5.9043858e-02   2.7990261e-01  -1.1159871e+00   2.7943325e-01  -7.3830539e-01   1.6022556e+00   3.2025263e-01  -2.3709862e-01   9.9371499e-01  -9.9246226e-02   6.8431638e-02   5.0892866e-01  -2.2078100e-01  -4.8746046e-01  -6.9656569e-01   5.0031763e-01   1.0088953e+00   4.2124993e-01   9.0340590e-01   1.5582491e+00  -5.1475340e-01
   1.4996324e+00   3.0223340e-01   5.2909285e-02   2.4642406e-02  -5.2691770e-01  -2.6603168e-01  -5.8026191e-02  -7.1939200e-01   7.7928817e-01  -2.7530375e-01  -1.2084933e-01   1.4454609e+00  -1.5446219e-01   2.9518565e-02   1.4942975e+00   1.4839490e-01   3.0232656e-01  -6.4087915e-01  -5.8649969e-01   1.3074721e-01  -2.9148152e-01   1.4709771e+00   6.1502230e-01   4.7972220e-01
   1.3188862e+00  -8.1882238e-02  -2.7280450e-01  -1.6209683e-01   1.3117268e+00  -5.4029241e-02  -1.0465040e+00   1.9797274e-01   7.6796323e-01  -2.5817057e-01  -8.2367808e-02   7.9499900e-01   1.7976257e-01  -1.8312347e-01   1.2621107e+00  -1.3122110e-01   1.1624440e+00   4.4800243e-03   1.2708141e+00  -1.5221269e-01   2.3112118e-02   8.5633510e-01   7.6021451e-01   1.5101521e-01
   1.5581075e+00   3.5806644e-01  -5.1714189e-02   2.4420968e-01  -1.4594743e-01   8.1509906e-01  -7.9356444e-01  -8.0796860e-02   1.0424271e+00  -5.2810509e-02  -5.9433904e-02   9.8328042e-01  -1.4594217e-01   3.9744368e-01   1.6058086e+00   1.2411080e-01   6.7383015e-01   1.6822806e-01   8.5251108e-02  -8.0694097e-01  -4.3234974e-01   1.0590069e+00   8.1207711e-01   3.4358907e-01
   1.3986483e+00   2.5808066e-01  -2.8957626e-01   2.1611035e-01   8.0425300e-02  -8.4821147e-01  -1.2740940e+00  -1.6428797e-01   6.1741877e-01   2.0986971e-01   4.5833614e-02   1.0212886e+00   8.4462382e-02   1.8653131e-01   1.4688934e+00   3.0012514e-02   1.2001351e+00   1.5077919e-01   9.8385610e-02   1.0019001e+00  -2.6577172e-01   8.7011528e-01   6.8468606e-01  -1.6263680e-01
   1.0945286e+00  -6.7093745e-03   1.1889652e-01  -3.8600129e-01  -1.1783445e+00   4.6134782e-01  -1.2227020e+00   9.8164655e-02   7.1571654e-01  -1.1822079e-01  -1.9762154e-01   9.8365360e-01  -1.3223088e-01  -2.9329240e-01   1.1612791e+00   7.2155617e-02   1.0237228e+00  -1.5123173e-02  -1.2155566e+00  -5.3111696e-01   2.5889030e-01   1.0913665e+00   6.7477638e-01   1.4625445e-01
   2.1203885e+00   4.3884736e-02  -1.6252750e-01   2.9189080e-01   7.3650599e-01  -3.7113053e-01   3.2639393e-01  -1.9727457e-01  -1.0162397e-01   3.9036652e-01  -7.8402497e-02   6.2922287e-01   7.5959086e-02   9.0660840e-02   2.1137671e+00   1.7183624e-01  -3.8366449e-01  -2.5805515e-01   7.1394247e-01   4.2153254e-01  -3.6088862e-02   6.6291726e-01   8.1533372e-02  -3.7398863e-01
   7.7868509e-01   3.1307483e-01  -2.7249780e-01  -2.5062857e-02  -9.4779067e-02   6.5126663e-01   1.1796724e+00   2.4902487e-01  -5.3090149e-01   1.5319529e+00   5.1391624e-02   8.3821374e-01   3.1662524e-01   6.8160698e-02   8.7816620e-01   3.7514288e-02  -1.1468892e+00  -2.4737589e-01   1.7657344e-01  -6.6106683e-01  -3.3601081e-01   8.5431433e-01   2.0078537e-01  -1.5474852e+00
   9.8746037e-01  -2.2367841e-01  -2.7008018e-01   2.4339993e-01  -1.3697244e-01  -6.0750711e-01   6.2066919e-01   1.3718639e-01   2.7169502e-01   1.8214619e+00   3.5138130e-01   7.3199481e-01   1.9786742e-01   3.0807218e-01   9.3678230e-01   1.8581432e-01  -6.2028539e-01   1.6217275e-01  -1.1108501e-01   6.4238691e-01  -3.5127914e-01   6.8211955e-01   1.6980857e-01  -1.8709028e+00
   2.0009720e+00  -1.7727698e-01   4.2819068e-02  -7.8966595e-02  -6.4507985e-01  -9.2253722e-02   2.8157809e-01   9.7539522e-02  -1.6504076e-01   1.1580137e+00   1.6830064e-01   2.1590783e-01   1.6055908e-02  -1.1701190e-01   1.9937558e+00  -3.9825585e-01  -2.3875366e-01   2.2606902e-01  -5.8442658e-01   2.9361042e-01  -1.1017153e-01   3.0612180e-01  -3.9118412e-01  -1.0284134e+00
   9.9978620e-01  -1.4681551e-01  -9.6005082e-02   2.7741408e-01   1.1107097e+00   4.2686042e-01  -2.6843887e-02   6.3743043e-01   3.3207881e-01   1.5263830e+00  -2.9832980e-02   7.9294491e-01   7.4193873e-02   2.2796389e-01   1.0164444e+00   3.2222161e-01  -1.0286730e-01   5.8743942e-01   1.0836331e+00  -2.5285149e-01  -8.4620021e-02   8.4239244e-01   5.1039332e-01  -1.4947885e+00
   1.6912225e+00  -1.7271513e-01  -8.1743054e-02  -5.3642690e-03   1.9674726e-01   7.3142165e-01   8.2649791e-01   7.8156137e-01   6.8386219e-02   4.6582457e-01   3.4191695e-01   9.4711387e-01   6.8356730e-02  -9.8632328e-02   1.6429975e+00  -1.9665629e-01  -6.2403131e-01   9.0480810e-01   1.3363622e-01  -8.1586462e-01  -2.1797229e-01   1.0498822e+00  -1.5814569e-02  -4.5374295e-01
   1.5716565e+00  -1.1060901e-01  -1.4157435e-01   2.2253269e-02   5.0635618e-01  -9.8019856e-01   5.1645290e-02   7.6547039e-01   1.6240360e-01   1.0063671e+00  -3.1407064e-01   7.4399912e-01   1.9543479e-01   2.2726761e-02   1.5523660e+00   1.3375150e-01  -1.1742460e-01   7.6885498e-01   5.0371075e-01   1.0265971e+00   3.0651668e-01   8.1126523e-01   2.0529492e-01  -9.0926170e-01
   1.0034570e+00  -1.2296622e-01   1.6040541e-01   7.6100223e-02  -7.8885901e-01   9.1980761e-01  -1.9778338e-01   7.8659260e-01   3.3222985e-02   1.5591124e+00   4.6067050e-01   4.1962904e-01  -1.5049496e-01   1.0477892e-01   9.5428640e-01  -2.8038064e-01   4.9933174e-01   5.8404344e-01  -1.1111410e+00  -4.7434244e-01  -1.8665339e-01   5.2518243e-01  -5.9703273e-01  -1.5033023e+00
   9.6683234e-01   1.9511789e-01   2.4451733e-01  -3.2870557e-02   7.0695019e-01   2.9202440e-01   2.4997859e-01  -7.7356118e-01   1.1551464e-01   1.2470649e+00  -2.6703891e-01   1.4424032e+00  -2.8017083e-01  -2.2132105e-01   9.7886091e-01  -1.1069547e-01  -2.9369092e-02  -9.3334895e-01   6.7273992e-01  -1.4493543e-01   5.3357203e-02   1.3658392e+00   6.0595244e-01  -1.1493344e+00
   1.8252709e+00   5.1006526e-03  -2.2920515e-02  -2.3262903e-01  -1.9481362e-01   5.9127712e-01   2.0891486e-01  -6.3384193e-01  -6.6021167e-02   6.2245816e-01  -1.1045115e-01   1.1733474e+00   3.5678518e-03  -2.1862394e-01   1.7912313e+00  -3.6906347e-01  -3.3121553e-01  -6.2421739e-01  -3.3423799e-01  -5.4648626e-01   3.2174805e-01   1.1277332e+00  -2.5181985e-01  -5.0896245e-01
   1.6683687e+00   1.6467968e-01  -6.9355823e-02   1.5634057e-01  -4.3801442e-01  -1.3357794e+00   3.2234395e-01  -5.3323632e-01   2.7677602e-01   4.8812196e-01   2.5331250e-01   6.4554489e-01  -1.6048992e-02   2.1506925e-01   1.5853301e+00   3.6308900e-01  -6.9236137e-02  -6.9501108e-01  -8.4332579e-01   1.1616466e+00  -4.4652170e-01   5.4553455e-01   3.3607379e-01  -3.8728845e-01
   1.1179944e+00  -6.9573931e-02   2.3681456e-03  -7.3601708e-02  -1.3699877e+00  -4.0141648e-01  -2.1490499e-01  -6.3250327e-01  -8.2518741e-02   1.1376491e+00   7.4497908e-02   9.7415310e-01  -6.4936839e-02  -1.3000333e-01   1.1295664e+00   2.0615238e-01   3.3845228e-01  -5.0075090e-01  -1.4128318e+00   2.0698674e-01  -2.5707909e-01   9.0798223e-01   9.9048458e-02  -1.1644279e+00
   2.0260277e+00   2.9276055e-01   2.1732195e-01   1.6350409e-01   3.0864248e-01   4.3401161e-01  -5.9461874e-01   2.9964036e-01   2.7575575e-02   8.5935503e-01   2.9344261e-02   5.1811832e-01  -2.7869779e-01   1.9772151e-01   2.0458002e+00   2.1994939e-01   4.5121574e-01   4.0397826e-01   3.4963036e-01  -4.8056453e-01  -2.2361930e-01   5.3853720e-01   1.0921639e-01  -7.6001555e-01
   1.3190092e+00  -2.9137433e-01  -3.0540586e-01  -7.7658102e-02   5.1261365e-01   1.2575498e+00  -8.5489839e-01   1.0969185e+00   2.5885466e-01   1.4900708e-01   2.5780183e-01   3.7690157e-01   2.4186319e-01  -2.5645408e-01   1.2923667e+00  -7.8960195e-02   1.1712482e+00   7.3330158e-01   9.2319533e-02  -1.3993994e+00  -1.0545556e-01   4.3619642e-01   1.8487233e-01  -2.9550946e-01
   1.2171589e+00  -1.5509383e-01  -2.7179486e-01  -1.0343050e-01  -1.5047707e-01  -2.6754507e-01  -7.8958166e-01  -1.5087895e-01  -1.6788162e-02   1.2305987e+00  -2.2574702e-02   1.4677560e+00   1.9162065e-01  -3.0741507e-01   1.0811667e+00  -1.7316461e-01   6.7887765e-01  -3.7633684e-01  -8.6496331e-02   3.3290637e-01   4.7557354e-01   1.4544247e+00  -2.6480752e-01  -1.2399247e+00
   1.6919377e+00  -1.8379098e-01   4.4832259e-01   1.1811402e-01  -6.4062411e-01  -2.5986695e-01  -6.0980654e-01   5.6249708e-01   2.9158255e-01   5.4836810e-01  -5.5464786e-01   1.0144277e+00  -3.0853420e-01   2.1445981e-01   1.7383361e+00  -6.2748715e-02   6.8415922e-01   4.2794085e-01  -5.7938254e-01   3.2436323e-01   7.1387661e-01   9.1850722e-01   1.4394119e-01  -6.0577744e-01
   1.9130934e+00   2.5739920e-01   5.2766059e-02   1.6482959e-02   6.8462855e-01   1.8286310e-01  -3.3193356e-03   2.8937478e-02   2.6950300e-01  -8.4101313e-01   1.0169780e-01   9.8867720e-01  -5.3849101e-02  -6.5169610e-02   1.9112798e+00  -1.7420964e-01  -6.6959813e-02   1.3563210e-01   6.7885411e-01  -1.7513001e-01  -1.5331461e-01   1.0410568e+00   1.9276409e-01   8.0663377e-01
   1.1282575e+00  -2.3147370e-01  -4.3408979e-02  -8.0061398e-02  -3.3780181e-01   1.4158227e+00   1.3173794e+00   3.6965191e-01  -7.5785451e-02  -4.8860133e-01   1.6140711e-02   6.5546191e-01  -8.2995214e-02  -1.0610933e-01   1.1567556e+00  -5.3042471e-02  -1.1735049e+00   4.3726668e-01  -5.9301692e-01  -1.3751577e+00   1.2897819e-01   7.8286034e-01   5.0525084e-02   4.4480646e-01
   1.0548385e+00   1.1814261e-02   1.0421635e-01  -5.2163422e-02  -2.2270557e-01  -3.6814299e-01   4.2778498e-01  -1.9187413e-02  -2.4570411e-01  -1.5939534e+00  -5.9201694e-01   1.2464175e+00   4.9151927e-03  -1.4373117e-02   1.1129323e+00  -2.6610515e-01  -4.2112365e-01   9.4492204e-02  -1.1772589e-01   3.6274639e-01   7.4997032e-01   1.0980504e+00   2.7521323e-02   1.6092523e+00
   1.9327081e+00  -5.5783145e-02  -1.8778650e-02  -1.7860989e-01  -4.2963296e-01  -3.3434811e-01   9.4037718e-01   1.8825449e-01   2.1225015e-02  -6.0788113e-01  -9.6187696e-02   7.9619652e-01  -1.8491702e-01  -2.5111610e-01   1.9575334e+00  -2.2213104e-01  -8.2558662e-01   3.2514071e-01  -4.3066797e-01   4.0002814e-01   1.3393635e-01   7.6941645e-01   1.4896084e-01   5.0648868e-01
   6.9356877e-01   3.3417337e-02  -1.0033634e-01  -2.9149972e-02   1.1015861e+00   2.0616125e-01   2.0900933e-01   1.3714781e+00  -4.7641778e-01  -1.1303968e+00  -1.2837157e-01   8.9724404e-01   1.2852678e-01   5.4465692e-02   7.2288334e-01   7.8476243e-02  -3.7401345e-01   1.2309941e+00   1.1584048e+00  -9.5258961e-03  -1.3757430e-01   9.1889834e-01  -7.1807826e-01   1.0371273e+00
   2.1273909e+00   1.1618339e-01   3.4113653e-02   1.8476738e-02  -2.6744854e-01   9.2576355e-01  -2.4982471e-02   3.4976056e-01  -3.3104505e-02  -3.6586899e-01  -3.0715981e-01   4.2234793e-01  -2.2020059e-02  -4.8312590e-02   2.1305525e+00   2.8780603e-01  -1.1205490e-01   2.8612137e-01  -1.3350223e-01  -9.0634447e-01   2.7089962e-01   4.3249077e-01  -9.4042592e-02   4.1486171e-01
   1.9447471e+00   2.1921907e-01  -9.3406007e-02  -1.0172585e-01   5.3404206e-01  -8.5237795e-01  -2.1484232e-01   9.2989206e-01   5.2181844e-02  -2.8618068e-01   2.4528705e-02   3.7815157e-01   9.0593390e-02  -1.9128760e-02   1.9843410e+00   1.3404123e-03   1.3993113e-01   8.5695863e-01   3.2193294e-01   1.0037115e+00  -8.4287509e-02   3.1473976e-01  -8.6191739e-04   2.8742537e-01
   1.3347660e+00   3.0440062e-01  -1.1764289e-01  -1.5169404e-01  -3.9403194e-01   6.4779535e-02  -5.5231649e-01   1.2106276e+00  -4.9445167e-02  -9.5725244e-01  -2.0981523e-01   1.0935992e+00   9.1647044e-02  -2.1971591e-01   1.3824445e+00   1.6020797e-01   5.4589879e-02   1.2970424e+00  -3.3260214e-01  -1.7977637e-01  -2.0553793e-01   1.1335912e+00  -3.6328286e-01   8.4794688e-01
   9.2936450e-01  -3.3140015e-03   1.3035555e-01  -2.1982542e-01   9.1061765e-01   4.2238259e-03  -3.9957219e-01  -6.2141168e-01  -5.2854514e-01  -1.3161097e+00   4.1437784e-01   1.2299139e+00  -2.2723602e-01  -8.6537160e-02   7.8493690e-01  -4.2394736e-01   8.6442672e-02  -6.8495733e-01   8.8087577e-01  -3.4023118e-01   1.7928618e-01   1.4271538e+00   1.1922907e-01   1.3013656e+00
   1.6366687e+00  -2.9527614e-01  -7.5745024e-02   1.2126301e-01   2.5512487e-01   1.0941954e+00  -4.5032361e-01  -6.7007309e-01  -1.0655063e-01  -1.0169288e+00   2.9781550e-01   4.0663487e-01   7.8066513e-02   1.9363320e-01   1.6880609e+00  -1.6594732e-02   2.3777920e-01  -6.5323079e-01   2.3401013e-02  -1.1206601e+00  -1.9612351e-01   4.8557788e-01   3.2694843e-02   1.0447925e+00
   1.6171110e+00   3.3076850e-01  -4.1498363e-02   6.1674546e-02   1.4081498e-02  -3.6058816e-01   8.4953344e-01  -1.0449902e+00   6.8944794e-01  -8.6899924e-01   1.5165478e-02   3.0879867e-01   8.2770824e-02   4.3192375e-02   1.6061331e+00  -1.6980647e-01  -6.6534400e-01  -1.2139049e+00   6.6066839e-02   3.2039604e-01  -4.8345115e-02   3.4250945e-01   5.0459450e-01   9.9259990e-01
   1.1742210e+00   4.9017277e-02   4.3024551e-02   2.1599475e-01  -1.6110399e+00  -3.6154413e-01   7.2160918e-01  -6.7153913e-01   4.1854298e-01  -6.5302408e-01  -8.9347757e-02   5.1268649e-01  -1.4930160e-01   2.3033676e-01   1.1688398e+00   3.5670117e-01  -4.1688216e-01  -1.0408027e+00  -1.4795657e+00  -3.4740075e-01  -7.7894054e-02   5.2316111e-01   4.0516596e-02   7.6351959e-01
   1.7220051e+00   8.3053544e-02   3.7664330e-01  -2.0773895e-01   5.2141976e-01   3.5874985e-02  -1.4636391e+00  -9.5946640e-02  -8.2735151e-02  -4.4200277e-01  -3.4235197e-01   3.1425697e-01  -5.1120710e-01  -8.5156098e-02   1.7056191e+00  -4.8321244e-01   1.3380870e+00  -3.9626884e-01   4.7563276e-01  -8.2597204e-02   4.0237415e-01   2.3275383e-01  -1.0032251e-02   4.3823475e-01
   1.0546086e+00   1.0158279e-01   1.7188160e-01   6.4285896e-03  -2.6765880e-01   4.7168851e-01  -1.2752503e+00   9.9330164e-02   1.5596931e-01  -1.4636593e+00   1.7284296e-01   8.4919804e-01  -1.7898647e-01   3.6763027e-03   1.0653576e+00  -8.5030049e-02   1.3134289e+00   1.7173143e-01  -1.8185824e-01  -5.6840646e-01  -1.5390089e-01   9.3161243e-01   2.8305307e-02   1.3500367e+00
   1.0775442e+00  -1.2804849e-01   8.2427375e-02   1.3178396e-01   3.3341524e-01  -8.2838029e-01  -8.2682395e-01   2.0507270e-01  -1.5027105e-02  -1.3112024e+00  -9.7814448e-02   1.2434723e+00  -1.2858737e-01   8.9800395e-02   1.0310559e+00   2.6949495e-01   8.6249524e-01   2.5373605e-01   1.7995688e-01   8.7004220e-01  -1.4624034e-01   1.2031525e+00  -2.2743182e-01   1.3120106e+00
   1.9322797e+00  -3.5291705e-01   2.0444585e-01  -2.1893850e-01  -7.5700980e-01  -2.7227584e-01  -5.5523270e-01   5.0828481e-01   3.6251989e-01  -7.5786239e-01   1.9470347e-01   3.0739376e-01  -1.5195416e-01  -1.3507864e-01   1.9204392e+00   2.9921001e-01   5.7830471e-01   5.5506927e-01  -7.7938503e-01   1.7695484e-01  -3.0543485e-01   3.3329666e-01   3.0335575e-01   7.7676070e-01
   1.4185454e+00  -2.8603834e-01   1.7473537e-02   1.7131992e-01   1.5128664e+00   1.0668520e-01   8.8888860e-01  -2.1834636e-01  -3.8847774e-01  -5.6652898e-01  -9.5498867e-02   5.0726777e-01  -7.0417546e-02   1.5172701e-01   1.4548082e+00  -1.1481661e-01  -9.6970797e-01  -1.0021508e-01   1.4400221e+00  -3.7262768e-01   1.0518367e-01   5.0209969e-01  -2.9782850e-01   5.7237226e-01
   1.1534799e+00  -1.3319778e-01   9.5120266e-02   8.1046291e-02   1.0852585e-01   9.2719376e-01   6.5183967e-01   3.9556291e-02  -1.1957977e+00  -7.4752128e-01  -5.6523174e-01   1.0148854e+00  -1.7470099e-01  -8.1824586e-03   1.0834597e+00   4.0961847e-01  -6.4409226e-01  -1.6325243e-01   2.8716934e-01  -8.3534050e-01   4.0429345e-01   1.2093854e+00  -1.2724998e+00   4.0081498e-01
   1.3768849e+00  -1.6282496e-01  -2.8957841e-01  -3.6915503e-02   1.2563285e-01  -8.0302435e-01   9.4049716e-01   7.6541621e-03  -8.9408219e-01   2.8106511e-02  -1.3352366e-02   1.2833086e+00   3.4786728e-01   5.3717598e-02   1.3200761e+00   4.5536590e-01  -9.2322022e-01  -2.3519477e-01  -1.0278641e-01   7.3856926e-01  -3.1776610e-01   1.2644542e+00  -7.7458000e-01  -4.0329745e-01
   8.8112330e-01   4.3247297e-02  -3.7910489e-04  -1.1851586e-01  -1.5068938e+00  -6.7700565e-01   8.4135258e-01   3.0317193e-01  -7.8900087e-01  -4.6243834e-01  -1.8860725e-01   8.9828056e-01   4.2709474e-02  -3.0982101e-02   9.8403692e-01  -1.0467245e-01  -7.8162420e-01   2.3075193e-01  -1.4874835e+00   8.4415722e-01   3.1257486e-01   7.9535377e-01  -7.1527976e-01   4.3199962e-01
   1.4485741e+00   2.3147981e-01   6.6745117e-02  -9.3024619e-02   9.8860222e-01  -6.5870523e-02   2.0454766e-01   7.0270425e-01  -1.0153618e+00   1.6754121e-01   3.6727193e-01   1.0600553e+00  -2.3195399e-02   3.6812364e-03   1.4164842e+00  -1.7762488e-01  -1.6225117e-01   6.9886076e-01   1.0041296e+00   2.0415226e-01  -5.7749248e-01   9.8291081e-01  -1.0110544e+00  -2.7375475e-01
   8.6161351e-01  -1.1567866e-01   3.2336053e-02  -1.6882360e-01   3.5384619e-01   1.1764903e+00  -1.2994671e-02   1.5062805e+00  -1.1196785e+00   2.4477406e-01   1.6524896e-01   3.0887848e-01  -6.4368598e-02  -1.2294246e-01   7.3725444e-01   2.4861792e-01  -1.1506876e-01   1.5120113e+00   4.9418238e-01  -1.1936150e+00  -1.3683707e-01   2.3108496e-01  -1.0932244e+00  -3.7385887e-01
   1.0270149e+00  -2.8796874e-02   2.1706987e-02  -6.2468380e-02   5.4410640e-02  -1.2853972e+00   2.6580751e-01   1.3537154e+00  -5.4385090e-01  -3.7295604e-01   2.5622107e-02   9.7268015e-01  -7.4753605e-02  -1.1761501e-01   1.0242230e+00   1.8762995e-01  -5.2968240e-01   1.1237361e+00  -2.4103895e-01   1.3498710e+00  -4.5479062e-01   9.2945939e-01  -5.7631737e-01   2.6433435e-01
   1.1326240e+00  -2.6192859e-01   4.8100688e-03  -1.1512676e-01  -3.6089808e-01  -3.6310662e-02  -4.8074652e-02   5.9567779e-01  -1.3257511e+00   8.8001901e-01   7.8297600e-02   1.2682230e+00  -5.5122908e-02  -1.3925309e-01   1.0645829e+00   1.0655619e-01   5.3987633e-03   5.8990991e-01  -3.8257474e-01   3.3062674e-02   1.4409636e-01   1.2100635e+00  -1.5606157e+00  -6.4564800e-01
   1.3536817e+00  -5.8013597e-03  -1.2626329e-01   2.1500090e-01   7.8995663e-01  -4.5969129e-01   6.7333996e-02  -1.1703057e+00  -9.5656902e-01   3.3756310e-01  -1.7050843e-01   9.1531485e-01   2.8155214e-01   1.6246496e-01   1.2634041e+00  -1.8675633e-01  -1.6899554e-01  -1.1395863e+00   8.7693530e-01   3.0274507e-01   1.4333215e-01   1.0131649e+00  -1.0028919e+00  -1.5013146e-01
   1.2511768e+00   4.2348787e-01   4.4496265e-01  -5.7550900e-02   2.4194357e-01   1.1008967e+00   6.6554338e-01  -1.1531781e+00  -8.4634143e-01   1.3635479e-01  -3.4024063e-01   3.9997885e-01  -5.1967555e-01  -2.5942013e-01   1.2250103e+00  -1.1416881e-01  -4.2109287e-01  -1.3580765e+00   4.0737769e-01  -1.0001243e+00   3.3732158e-01   4.2677465e-01  -7.5043035e-01  -3.1935844e-01
   5.2240241e-01  -1.3038081e-01  -2.4330657e-02   1.4574720e-01  -2.9852208e-01  -1.0371500e+00  -5.7249629e-01  -6.8251610e-01  -1.0234338e+00  -6.7861997e-02   5.2798486e-01   1.5489018e+00   1.0423502e-01   1.1810576e-01   5.7699370e-01  -1.3384992e-01   3.0216342e-01  -7.6594532e-01  -1.0014511e-01   1.1226836e+00  -1.1037936e-01   1.6925274e+00  -8.6340106e-01   2.3158568e-01
   1.6910008e+00  -1.0242990e-01   4.1132572e-01   4.3283194e-02  -7.5079209e-01   5.9296757e-01  -1.9847490e-01  -3.1583753e-01  -7.5217885e-01   8.1389092e-02   6.7372936e-01   9.3712801e-01  -3.7530088e-01   1.9546591e-01   1.7269826e+00  -3.2619354e-01   1.6912505e-02  -3.4535798e-01  -8.3116162e-01  -3.7747991e-01  -4.6281353e-01   1.0065875e+00  -7.1877933e-01   1.8744105e-01
   1.1512016e+00  -8.4035859e-02   1.4888170e-03   1.9067082e-01   1.4208248e+00  -4.7866002e-01  -9.5213425e-01   7.5751883e-03  -7.2813636e-01   2.2746770e-01  -5.7130512e-02   9.4427317e-01   4.7401913e-02   1.0682775e-01   1.1424825e+00   1.1073326e-01   1.0042247e+00  -1.5815459e-02   1.4457655e+00   4.8153546e-01   8.7536387e-03   9.2876261e-01  -6.5347463e-01  -2.1971664e-01
   1.5840689e+00  -1.6558697e-02   2.3667493e-01   3.1574166e-01   3.8937598e-01   7.4089777e-01  -4.8605296e-01  -5.6364782e-02  -1.2233922e+00   2.2422360e-01  -4.4350120e-01   8.0691838e-01  -3.0291086e-01   1.8807319e-01   1.5582306e+00   2.2734436e-01   4.4603640e-01  -1.2895434e-02   4.8983711e-01  -7.1851325e-01   3.1992280e-01   9.3231517e-01  -1.1469926e+00  -3.8811645e-01
   1.7612853e+00   2.5725380e-01  -1.7898747e-01   1.8634146e-01  -8.8521965e-02  -7.4448490e-01  -6.4178467e-01  -3.2656252e-01  -6.4046735e-01  -4.1890308e-01   2.1130578e-01   1.0266360e+00   1.2536454e-01   7.3177032e-02   1.7537431e+00  -5.5852759e-01   4.8141328e-01  -3.4317765e-01   1.6020963e-01   7.9628927e-01  -4.2423114e-02   1.0396107e+00  -5.2588797e-01   4.7216496e-01
   8.9012653e-01   8.9248225e-02  -3.9525799e-02   9.5978782e-02  -1.0965303e+00  -4.4341851e-02  -1.1255583e+00   3.7126780e-02  -8.0189234e-01  -5.5016947e-01  -1.2173558e-01   1.3250636e+00  -2.6599463e-02   1.2228498e-01   8.2908416e-01   2.2748779e-01   9.2705005e-01   3.8173804e-01  -1.0937097e+00  -4.2687938e-01  -4.4420052e-01   1.2795990e+00  -9.9659669e-01   1.8368927e-01
   1.1024626e+00   5.8837011e-03  -1.4749609e-01   8.3369240e-02   1.5300380e+00   5.1901072e-01   9.4615966e-01  -7.5598784e-02   2.5745460e-01  -1.0309906e-01   6.3390449e-02  -1.0786952e+00   1.2182041e-01  -1.0454670e-02   1.1464612e+00  -2.6161790e-01  -8.5905707e-01   8.0297649e-02   1.4763198e+00  -7.7263415e-01  -1.8526790e-01  -9.9430376e-01   2.4031384e-01  -2.4661511e-02
   1.7506351e+00   8.3880126e-03   1.7747185e-01   6.7154512e-02  -5.9579425e-03   1.1620414e+00   1.0894088e+00  -4.1687095e-01   3.3602509e-01  -2.2899065e-02  -1.2960462e-01  -2.4082659e-01  -4.2005938e-02   7.7652775e-02   1.6355703e+00  -3.2692915e-01  -1.1514157e+00  -1.5073729e-01  -2.7811283e-01  -1.2307265e+00   1.6177392e-01  -2.8790957e-01   4.0055978e-01  -1.4417524e-02
   1.3352424e+00   4.8580740e-02  -1.8246187e-02   1.5658790e-01   3.8436434e-01  -8.9323664e-01   3.5760564e-01   2.0865265e-01   1.4991376e+00   6.6545552e-01   2.8269827e-01  -5.5020630e-01   2.3284169e-02   1.0955645e-01   1.1826558e+00   6.9617695e-01  -4.2557737e-01  -1.1129563e-01  -4.5601588e-02   9.2683029e-01   1.3179912e-01  -7.0984799e-01   1.5729002e+00   2.3291859e-01
   1.0359058e+00  -4.7453037e-01  -8.8899039e-02   1.9042864e-01  -1.0652601e+00   1.3652749e-01   1.2252564e+00   3.3426440e-01   8.7103230e-01   1.2189994e-01   4.7670737e-02  -1.0560874e+00  -4.3688849e-02   1.2142878e-01   1.1492062e+00   7.3277019e-02  -8.8914335e-01   6.9724309e-01  -1.2057021e+00   4.3888327e-02  -4.3333277e-01  -1.0604084e+00   7.3104990e-01  -2.7974409e-01
   1.2796320e+00  -8.5184717e-04  -3.2516472e-02   3.8329635e-02   6.4222586e-01   1.3451159e-01   6.8910137e-02   5.2010947e-01   1.3178612e+00  -5.1056606e-01   2.5707632e-01  -1.2612215e+00   1.5905891e-01   7.3597707e-02   1.1924114e+00  -3.3996603e-01   1.3447141e-03   6.2798762e-01   6.0406500e-01  -2.4940965e-01  -4.2355850e-01  -1.1309187e+00   1.4629210e+00   1.0897016e-01
   8.8729173e-01  -3.4362890e-02  -2.6066023e-01   1.1430199e-01  -1.7338829e-01   1.0547905e+00   3.8779104e-01   1.3813837e+00   9.6910834e-01   3.6166772e-01   2.1167278e-02  -9.2674243e-01   8.3552584e-02   1.5532808e-01   7.2660971e-01   1.9455342e-01  -8.1028473e-01   1.1846191e+00   3.9716776e-02  -1.2316887e+00   8.2630783e-02  -7.8018326e-01   1.0991914e+00  -2.8739240e-02
   1.1774745e+00  -7.7214941e-02  -1.1069497e-01   3.2101083e-01  -2.9548439e-01  -1.4254185e+00   2.6518509e-01   1.1387163e+00   8.4600908e-01  -2.9913580e-01  -1.9952719e-01  -4.0142053e-01   1.3531233e-01   3.0532080e-01   1.1492292e+00  -2.8773117e-01   9.2549540e-02   1.2287245e+00   1.0160682e-01   1.3864716e+00   8.3048409e-03  -3.5960269e-01   9.5040184e-01   3.6742277e-02
   1.6860068e+00   2.7636191e-01   2.2814682e-02  -3.0548751e-01  -6.4406055e-01   1.9617821e-01  -1.2034698e-01   1.5456474e-01   1.1975187e+00  -4.7535720e-01   3.5223606e-01  -8.4344739e-01   5.4135201e-03  -3.3457634e-01   1.6860176e+00   1.7621037e-01   1.0384555e-02   1.4691105e-01  -6.0652018e-01  -3.4676120e-01  -1.8936776e-01  -9.0984207e-01   1.0793686e+00   6.8979263e-01
   1.6764787e+00  -1.1384301e-01   3.1564077e-03  -3.0828612e-02   4.4459102e-01   2.2260715e-01  -3.1569618e-01  -7.0981449e-01   8.9060801e-01  -1.7681549e-01  -3.3085641e-01  -1.1793519e+00  -3.1863566e-02  -2.7933475e-02   1.7038342e+00  -1.6569680e-02   3.0397594e-01  -6.9266438e-01   5.2589959e-01  -1.4245355e-01   2.1934703e-01  -1.1147223e+00   9.5903546e-01   1.2394206e-01
   1.0320344e+00  -8.5937642e-02   4.3096542e-02   1.2018964e-01  -3.5229579e-01   1.2594013e+00   3.0626690e-01  -6.8983555e-01   1.3198608e+00   7.9630174e-02  -3.6596626e-01  -8.6546814e-01  -6.4214416e-02   1.0952769e-01   1.0473539e+00   7.4995807e-03  -3.7751079e-01  -7.1653467e-01  -3.5298425e-01  -1.1752148e+00   2.8614613e-01  -8.4193093e-01   1.3905007e+00  -3.1477030e-02
   1.0356702e+00   1.5579696e-02   8.5851431e-02  -4.5404684e-02   1.5442596e-01  -1.0279670e+00  -1.3653530e-01  -1.2395170e+00   9.7941715e-01   3.1861356e-01  -1.4372951e-02  -1.1050454e+00  -9.1897503e-02   2.2692690e-02   1.0969491e+00  -5.8343798e-02   9.2900336e-02  -1.2587465e+00   2.1020699e-01   9.8205143e-01  -9.2675082e-02  -1.0084682e+00   1.0129920e+00  -3.6180714e-01
   1.6882282e+00  -5.4422207e-02   1.1106125e-01   1.1669093e-01  -8.3273953e-01   2.7906770e-01  -4.3393940e-01  -1.2178901e+00   4.5489097e-01  -3.8463306e-01  -2.7764282e-01  -4.9610987e-01  -6.6503711e-02   9.6960172e-02   1.6429247e+00   7.9066798e-02   4.9113125e-01  -1.2272159e+00  -8.2145244e-01  -2.3817943e-01   3.3864313e-01  -5.4147154e-01   4.5586386e-01   4.3157604e-01
   1.0491596e+00   3.7398983e-02  -4.9837817e-02   6.4141646e-02   1.4715031e+00  -1.8335421e-01  -1.1390663e+00  -5.8322316e-01   6.3123989e-01   8.0646597e-02   1.0485977e-01  -7.9921389e-01  -1.1954891e-02   7.1441665e-02   9.4935471e-01   4.2605436e-01   1.2518688e+00  -1.0358686e-01   1.2907542e+00   8.2667470e-01   8.9116111e-02  -7.5255769e-01   5.9849846e-01   2.2831713e-01
   1.6422523e+00  -1.4145344e-01   2.0864718e-01  -2.6712224e-01   2.5852212e-01   7.3169762e-01  -1.2657775e+00  -1.0507914e-01   4.0201303e-01  -3.2667655e-01   3.0393153e-01  -7.6938599e-01  -1.3722153e-01  -1.3941632e-01   1.6792333e+00  -2.5303289e-01   1.1335479e+00  -2.6548320e-01   5.3053886e-02  -8.4600478e-01  -3.8195708e-01  -7.6405442e-01   4.8551339e-01   1.9631283e-01
   1.5046620e+00  -1.6483021e-01   1.7531259e-01   2.7547454e-02  -2.5915605e-01  -7.8285545e-01   4.7254357e-02   1.1878957e-01   2.8007919e-01  -2.6909879e-01  -1.1658001e+00  -1.2128532e+00  -1.8282260e-01   2.7750298e-02   1.5465230e+00  -2.7264111e-02  -6.0796328e-02   6.3016616e-02  -3.3538789e-02   7.9406905e-01   1.0024573e+00  -1.3571357e+00   2.3899865e-01   1.7358768e-01
   8.0092067e-01   2.7206995e-02   1.1358471e-01  -3.6696717e-01  -9.6085489e-01  -1.7854933e-01  -8.8086009e-01  -1.9518970e-01   1.4047463e+00  -2.2923778e-01  -2.7436346e-01  -1.1575602e+00  -1.8310625e-02  -3.6797708e-01   8.7985677e-01  -8.9615613e-02   8.7916034e-01  -2.8949925e-01  -9.9544019e-01   1.4972141e-01   2.8703290e-01  -1.1236025e+00   1.3647127e+00   6.8684191e-02
   1.8996799e+00   8.6046755e-02   1.5387881e-01   1.3758382e-01   5.6153154e-01  -2.9286688e-02   5.9584028e-01  -2.5898880e-01  -8.6218789e-02   7.2182810e-01  -3.2538599e-01  -9.8416567e-01  -8.7466247e-02   1.2349443e-01   1.9082035e+00   1.4332592e-01  -6.0173517e-01  -2.9502746e-01   6.8885744e-01   2.1679467e-02   3.1674275e-01  -8.0975729e-01   2.5409611e-02  -7.9656476e-01
   1.0820341e+00  -2.3038273e-01  -2.1398534e-01  -2.2528672e-01   2.7215743e-01   1.0448667e+00   9.9745297e-01  -5.4185855e-01   1.6040260e-01   8.4596497e-01  -2.4830428e-01  -1.1925609e+00   1.3521321e-01  -2.4414112e-01   1.0313323e+00  -2.7887800e-01  -1.2015283e+00  -1.0303428e-01  -1.9093175e-01  -9.8007500e-01  -2.4339263e-01  -1.2233105e+00  -2.1292290e-01  -8.5342902e-01
   7.5702882e-01   1.9143526e-01   1.4992417e-01   1.1410292e-01   5.9131283e-01  -1.1148629e+00   8.8178623e-01   3.2530659e-01  -4.7203708e-01   1.3050537e+00   4.9216223e-01  -8.4297937e-01  -1.2824319e-01  -2.0293206e-02   7.8431195e-01   6.1377477e-02  -1.0319498e+00   9.2405140e-02   2.1226266e-01   1.1528113e+00  -1.7867658e-01  -9.4053608e-01  -7.1063250e-02  -1.4125004e+00
   1.6733392e+00  -8.3627507e-02  -1.3490920e-01  -7.7274337e-02  -9.1629279e-01   1.5301572e-01   5.5309635e-01  -4.0545043e-02  -2.0775843e-02   7.4845749e-01  -5.0352442e-01  -1.0881391e+00   1.3179561e-01  -3.3828687e-02   1.7186369e+00  -1.3913608e-01  -6.8765557e-01  -8.2235672e-02  -8.0894965e-01  -3.9931726e-02   3.4395081e-01  -1.0059013e+00  -8.2906559e-02  -8.5777241e-01
   1.0663288e+00   2.0711643e-01   1.4299111e-01   1.5376827e-01   8.5660070e-01  -2.6156294e-01  -3.3208457e-01   1.1456946e+00  -3.7859026e-01   1.1064614e+00   2.0841022e-01  -1.0676401e+00  -2.2461800e-01   7.2614387e-02   1.1114781e+00   4.4730429e-02   9.0364441e-02   1.1695671e+00   7.3609853e-01   3.9351517e-01  -9.2056580e-02  -1.2100019e+00   9.2899159e-02  -1.0737472e+00
   1.8812321e+00   1.5141709e-01   1.6079310e-02  -7.3716021e-03  -2.5198939e-01   6.9830799e-01  -1.1787856e-01   7.8956956e-01  -3.4721702e-02   8.7269348e-01   9.9457353e-02  -6.9035226e-01   2.9310400e-02  -1.7628323e-02   1.7867030e+00   4.5601630e-01  -1.7950644e-01   7.4433070e-01  -1.2014618e-02  -7.6255238e-01   1.1276797e-01  -6.8070191e-01   3.2290900e-01  -9.2214328e-01
   1.9929373e+00   1.0576700e-01  -7.0511654e-02  -2.3545671e-01   1.3320091e-01  -5.0059187e-01   8.1280395e-02   7.0453948e-01  -3.5847935e-01   3.7909973e-01   4.4738176e-01  -8.4434080e-01   1.0972816e-01  -1.9019410e-01   1.9366729e+00   3.8975123e-01  -3.9030018e-01   6.8123239e-01  -2.9438082e-03   4.7001052e-01  -2.4977040e-01  -9.7883224e-01  -1.6580318e-01  -4.0479350e-01
   1.3085494e+00   7.1234956e-02  -1.8470618e-01  -1.4436105e-01  -3.4566686e-01  -2.1583384e-01  -6.2783217e-01   5.6899697e-01  -4.1607570e-02   9.4317591e-01   8.0488414e-02  -1.5639299e+00   2.7280495e-01  -3.5563763e-02   1.2871364e+00   2.1459781e-01   4.7429064e-01   6.2482494e-01  -4.0856382e-01   5.3838104e-02   2.6228133e-01  -1.5152568e+00   2.3827051e-01  -1.0073686e+00
   9.1648954e-01  -2.2655317e-01   1.5090953e-01   1.9458937e-02   2.5473058e-01   1.7371522e-01  -3.3948213e-01  -4.3216881e-01   3.5163569e-01   1.3542113e+00  -5.0055015e-01  -1.5749280e+00  -1.6512056e-01   4.3298367e-02   9.1385770e-01   2.7731860e-02   3.0444252e-01  -5.2627766e-01   2.1250480e-01  -2.5063807e-01   1.9071873e-01  -1.5288873e+00   4.9669497e-02  -1.5102938e+00
   1.7306871e+00  -3.1530344e-01  -1.5211865e-01   3.0653300e-02  -7.9562724e-02   1.1391993e+00  -2.6364428e-01  -5.1096267e-01   1.8103100e-01   1.0541682e+00  -1.3560231e-01  -2.8999928e-01   4.4475574e-02  -7.3486663e-02   1.7330135e+00  -2.3557286e-01   2.0880289e-02  -6.5875173e-01  -3.7758332e-01  -1.0604932e+00   5.9183154e-02  -3.7769297e-01  -1.1346292e-01  -1.0359335e+00
   1.6050379e+00  -3.6839020e-02   1.4016794e-01  -1.8727581e-01  -4.9070519e-01  -2.6173183e-01   9.6298718e-01  -1.3486445e+00  -9.7641751e-02   4.3474528e-01  -1.8870242e-01  -2.7955222e-01  -2.1417129e-01  -1.4368017e-01   1.6299882e+00  -1.0107564e-01  -1.0376363e+00  -1.3010703e+00  -3.6633539e-01   3.4947369e-01   5.8083132e-02  -2.6136070e-01  -9.8552525e-02  -3.9900523e-01
   9.5424682e-01   1.8200396e-01  -3.8638674e-02  -1.2037218e-01  -1.7653191e+00  -2.8912863e-01  -4.5260611e-01  -9.0370250e-01  -6.7386344e-02   8.3992362e-01  -9.6162774e-02  -3.1554392e-01   7.7259690e-02  -7.2651237e-02   9.9803966e-01  -1.8405868e-01   4.1683438e-01  -9.4342232e-01  -1.7380745e+00   2.0961317e-01   9.7806871e-02  -3.6434337e-01  -2.1669045e-02  -8.2907993e-01
   1.5876075e+00   2.2620997e-01   1.2206598e-01  -1.6140409e-01   1.0177833e+00   3.6757472e-01  -6.6328925e-01   1.7121292e-04   1.1059846e-01   9.9434996e-01  -2.8883057e-02  -8.8013387e-01  -8.6100452e-02  -2.3839647e-01   1.4663049e+00   5.9390837e-01   5.8214563e-01   3.8756421e-01   1.1142465e+00   2.4923204e-01   4.0989375e-01  -7.5580418e-01   6.2605059e-01  -7.1345848e-01
   1.0317698e+00  -2.1326859e-01  -9.8339148e-02   8.8148013e-02   2.8958997e-01   8.2078165e-01  -1.3373756e+00  -3.0853754e-01  -3.4464851e-01   4.5322475e-01  -2.4806716e-01  -1.3584845e+00   9.5544316e-02   7.2528318e-02   1.0725859e+00  -1.2369997e-01   1.0988055e+00  -5.1578450e-01   2.1566449e-01  -9.6245706e-01   2.1653822e-02  -1.4284525e+00  -3.0027646e-01  -4.9245781e-01
   9.2443913e-01  -2.7287468e-01  -6.8676755e-02  -2.2259183e-01   8.7808482e-03  -9.8782480e-01  -9.7560734e-01  -2.9176420e-01   4.4571030e-01   1.3299829e+00   3.2804307e-02  -1.0174919e+00   5.7622407e-02  -1.8436955e-01   9.1463995e-01   1.7342760e-01   9.7951645e-01  -3.5344097e-01   1.7644472e-01   9.0067273e-01  -2.0536529e-01  -9.7234601e-01   5.1954359e-01  -1.3826675e+00
   1.7464052e+00  -3.3954853e-01  -2.3345813e-01  -3.1161347e-01  -5.8994830e-01  -4.1366228e-01  -4.6241543e-01  -6.7351091e-01   6.9410000e-03   7.9471678e-01   2.1790127e-01  -9.0413815e-01   1.2119515e-01  -3.6264968e-01   1.7351547e+00   2.1512733e-01   3.8889757e-01  -6.8631375e-01  -6.3167733e-01   4.2847094e-01  -2.8882387e-01  -1.0102292e+00  -1.0269216e-01  -6.9090933e-01
   2.1209574e+00  -8.4439464e-02   6.1069291e-02   1.3080783e-01   6.5696025e-01   2.7247812e-03   2.9271147e-01  -1.2867862e-01   1.7063725e-01  -7.2146767e-01  -4.3979782e-01  -4.4347787e-01  -5.4659963e-02   1.0177737e-01   2.1556797e+00   7.6304808e-02  -3.0190092e-01  -1.5089306e-01   6.1855632e-01  -3.4954298e-02   3.7919739e-01  -4.3588084e-01   1.8391103e-01   6.8448806e-01
   9.2143625e-01  -1.2588008e-01  -7.2978917e-03  -3.2796910e-01  -3.1200403e-01   8.6931700e-01   8.1879872e-01  -2.3345883e-01  -2.8988144e-01  -1.3119341e+00   4.6158627e-02  -1.2814698e+00  -1.6540660e-01  -2.9180533e-01   7.8240716e-01  -4.6594524e-01  -8.0187827e-01   3.4467793e-01  -7.1403843e-01  -6.8255073e-01  -8.6916918e-01  -9.8056453e-01   5.7868683e-01   1.1264306e+00
   1.2254225e+00  -3.5365748e-01   4.1354101e-02   4.3510906e-02   3.7748349e-01  -8.4160757e-01   8.2062137e-01  -3.9723366e-01  -5.0282240e-01  -3.4222203e-01   2.4658684e-01  -1.5022986e+00  -2.2388037e-01   3.5965525e-02   1.2526554e+00   1.6060510e-01  -9.3576926e-01  -6.6259086e-02   6.0292661e-01   7.1113753e-01  -5.0195712e-01  -1.4034076e+00  -4.5112503e-01   4.2346904e-01
   1.9337400e+00   2.9701868e-03   1.9375324e-01   2.2741544e-01  -4.5113090e-01  -3.5583717e-01   1.0150924e+00  -7.7990912e-02   4.8727173e-01  -4.1075081e-01   2.1241188e-02  -6.3098949e-01  -8.3207116e-02   1.1645216e-01   1.8771611e+00   3.9559537e-01  -1.0116079e+00  -2.9912657e-01  -5.7073015e-01   2.0001620e-01   1.4644967e-01  -6.5251797e-01   3.1535760e-01   5.2348936e-01
   1.3747698e+00   1.6822236e-02   2.3512660e-01   1.1114218e-01   1.3132584e+00  -1.2034001e-01  -1.1325753e-01   1.0394565e+00  -3.2497607e-02  -4.8066676e-01  -2.7674490e-01  -9.4919741e-01  -2.6223797e-01   1.5785114e-01   1.1957211e+00   4.0420119e-02   1.3279958e-01   1.1390033e+00   1.3524362e+00   7.2211348e-02   2.5587305e-01  -9.9830329e-01  -7.8288643e-03   5.1334876e-01
   1.6165475e+00   1.5645936e-01  -1.0281293e-01  -1.5789658e-01   1.7601211e-01   7.2491646e-01   2.4202052e-01   6.2767398e-01  -2.4032618e-01  -5.1330906e-01  -7.8186512e-01  -1.1769469e+00   7.6547168e-02  -2.6790407e-01   1.6879340e+00  -2.5898095e-02  -2.5497681e-01   6.5947366e-01   1.0375997e-01  -6.9564748e-01   7.9596573e-01  -1.0807340e+00  -2.1611576e-01   4.7928283e-01
   1.6707083e+00   1.4409862e-01  -1.8334977e-01  -4.1322906e-02   8.7935217e-03  -5.8127069e-01   5.6902015e-01   9.1733748e-01  -4.9300382e-01  -1.0272963e+00  -1.0156364e-01  -5.8369046e-01   1.5244488e-01   5.9277341e-03   1.7582573e+00   1.5197705e-02  -6.5728652e-01   8.3466858e-01  -8.4176145e-02   4.6579778e-01   2.0342545e-01  -4.5270845e-01  -5.4733944e-01   9.9316055e-01
   1.1081659e+00  -5.8644768e-02   1.1597933e-01  -4.0992621e-02  -1.4461434e+00   2.1420794e-02   3.6795816e-01   3.6298695e-01   2.3231979e-01  -1.0942483e+00  -6.7829329e-01  -8.2645172e-01  -1.3027301e-01   4.0643554e-06   1.0375878e+00  -1.6046880e-01  -4.1980648e-01   3.7507012e-01  -1.4541409e+00   2.4663290e-01   5.6833988e-01  -9.3170226e-01   3.9788052e-01   1.0193303e+00
   1.2961953e+00   4.2487517e-01  -2.2808748e-01   3.8654298e-02   1.3409733e+00  -5.2758181e-01  -3.5567781e-01  -5.4138428e-01  -2.9057696e-01  -1.1652493e+00  -3.8084158e-01  -4.9025625e-02   1.6595575e-01   4.1351505e-03   1.3359233e+00  -4.1967902e-01   3.0497918e-01  -6.4918059e-01   1.3009770e+00   5.6972718e-01   3.8307613e-01  -4.5983750e-02  -3.6226419e-01   1.0954195e+00
   1.3688610e+00  -7.0430967e-04  -4.9734287e-02  -1.5071839e-01   1.2760685e-01   5.5818242e-01  -7.1983987e-01  -6.8750936e-01  -3.3926445e-01  -1.3409415e+00  -6.3327000e-02  -9.3011045e-01   3.4027662e-02  -1.7943506e-01   1.3456589e+00  -4.2848662e-02   6.6032612e-01  -7.5891966e-01   2.8267637e-01  -5.3715336e-01   1.6978377e-01  -8.4812373e-01  -3.8061008e-01   1.3713413e+00
   1.8483680e+00  -1.2606463e-01  -7.9536289e-02  -6.1784118e-02  -1.0125843e-01  -1.0701319e+00  -1.5337779e-02  -4.1381133e-01   5.6174062e-02  -8.5672128e-01   2.7699098e-01  -6.4555252e-01   3.0445037e-02  -4.7282659e-02   1.8519256e+00  -1.1081403e-01  -6.7178540e-02  -3.5087162e-01   2.0819208e-02   1.0461903e+00  -3.8333490e-01  -6.4684999e-01   1.2590884e-01   8.6668581e-01
   1.0274084e+00  -1.5156876e-01  -3.6826838e-02   1.2494620e-01  -7.6782578e-01  -1.5840282e-01  -8.1499539e-02  -3.9579427e-01   3.2805935e-01  -8.0663860e-01   3.7929505e-01  -1.7956600e+00  -9.4732895e-02   7.2238863e-02   9.7147262e-01   1.9546320e-01   2.1240990e-01  -3.7722334e-01  -7.1981615e-01   1.7194872e-01  -3.1621447e-01  -1.7084801e+00   1.4102055e-01   1.1090276e+00
   1.5204701e+00  -1.6750011e-01  -2.1108737e-02   8.8695213e-03   2.8756383e-01  -4.9729228e-02  -4.2916766e-01   4.5167363e-01   4.3657544e-01  -1.6668327e+00  -3.2427073e-01  -3.3488780e-01   2.0579183e-02  -6.7266934e-02   1.5207387e+00  -3.2539973e-01   4.6867806e-01   2.5701940e-01   2.6681507e-01   7.8559108e-03   1.2939744e-01  -3.6090431e-01   8.9744049e-01   1.5057077e+00
   5.7021511e-01   1.0065296e-01  -2.8279796e-01   2.2785715e-03   5.8606747e-03   1.3050718e+00  -1.7999594e+00  -2.6877238e-03  -3.8911082e-02  -3.8264665e-01  -2.0297952e-01  -6.7268324e-01   2.5717816e-01   2.5801471e-02   6.0141307e-01   8.1761591e-02   1.7121838e+00   5.8263999e-01   5.4354668e-01  -1.1750417e+00   4.4894645e-01  -5.2990824e-01  -1.8455888e-01   3.1809610e-01
   1.1194227e+00  -4.7240704e-02   6.4891525e-02  -9.2210740e-02   2.2630148e-01  -8.5179883e-01  -1.4746926e+00   1.2611410e-01   6.2768380e-03  -1.1203181e+00   2.1551743e-01  -6.8040460e-01  -2.4143718e-01  -8.2794689e-02   1.1707077e+00   1.3712998e-02   1.4946815e+00   7.5223155e-02   3.2949623e-01   7.6649576e-01  -1.7349295e-01  -5.7046634e-01   5.6923538e-02   1.1267302e+00
   1.7242280e+00   1.3267735e-01   3.0273959e-01   4.4320273e-01  -7.5776410e-01   3.3606982e-01  -7.5366926e-01   2.4594164e-01  -5.2688841e-02  -8.3207184e-01  -1.5764649e-01  -8.2808667e-01  -4.3935052e-01   3.7482086e-01   1.7319003e+00   2.6087971e-02   6.8887007e-01   1.0757989e-01  -7.8882331e-01  -4.4040650e-01   3.0909634e-01  -7.7423996e-01  -1.0528431e-01   8.1113082e-01
   1.0999002e+00   3.8084280e-01  -2.8780234e-01  -3.5003614e-01   1.1352921e+00   6.9545382e-01   5.5680823e-01   7.8256929e-01  -9.9628061e-01  -3.9337200e-01   3.7876508e-01  -6.7383140e-01   4.2388481e-01  -1.0586113e-01   1.1285678e+00   2.1944378e-02  -7.5381631e-01   5.4685098e-01   1.3731272e+00  -1.2588896e-01  -2.3113570e-01  -7.9826361e-01  -1.0334311e+00  -8.7913953e-02
   1.5799651e+00  -3.6599198e-01  -2.0337546e-01  -8.9522116e-02  -1.7350404e-01   9.6275902e-01   7.1433073e-01   4.8997167e-01  -1.0700221e+00  -6.6645175e-02   2.5123894e-01  -6.3286996e-01   1.1603229e-01  -1.9938987e-01   1.6315262e+00   4.9320642e-02  -5.6320924e-01   5.2218920e-01  -3.4664488e-01  -9.6777046e-01  -3.2102054e-01  -5.0252050e-01  -1.0927289e+00   2.9360351e-01
   1.5012289e+00   2.1959804e-01   2.1173996e-01   1.8724108e-01   1.2532280e-01  -4.6529043e-01   4.9335057e-01  -3.0056413e-02  -1.4667860e+00   6.3339347e-01   2.2189268e-01  -7.3471850e-01  -1.1881680e-01   1.5650345e-01   1.5266047e+00  -1.9148342e-01  -5.9326559e-01  -1.0309620e-02   9.5546782e-02   5.4216915e-01  -2.5445840e-01  -6.7058027e-01  -1.3902472e+00  -7.0131308e-01
   9.3640208e-01  -2.9615915e-01  -4.6768811e-02   1.1980324e-01  -1.2023972e+00  -3.2460606e-01   9.2312431e-01  -1.9381702e-01  -1.2868537e+00   7.4701849e-03   1.2904571e-01  -9.5149809e-01   3.2495875e-02   3.6542565e-02   9.7417080e-01  -2.0226901e-02  -9.1337067e-01   9.4941005e-02  -1.1879865e+00   4.6631968e-01  -3.0054042e-01  -8.2442087e-01  -1.3113730e+00   2.9406112e-01
   1.5832134e+00  -2.7884701e-01   3.9650258e-02  -1.8373963e-01   1.0256431e+00   3.8528749e-01  -4.1014785e-01   1.0257061e+00  -7.2334611e-01  -6.5630847e-01   1.1030111e-02   7.4630633e-02  -7.0079476e-02  -1.8396191e-01   1.6400846e+00   1.4667277e-01   4.0333542e-01   9.2345029e-01   1.0040801e+00  -4.5341238e-01  -2.1097150e-02   4.1463520e-02  -7.5914282e-01   6.6497731e-01
   9.5903563e-01   2.6741171e-01  -1.0220500e-01   1.8961760e-01  -2.0931891e-01   6.4368170e-01  -6.5382844e-01   8.2227987e-01  -1.4246019e+00  -2.5094962e-01   5.3469265e-01  -1.0110399e+00  -9.1754720e-03   2.3005596e-01   1.0080794e+00  -6.8081267e-02   4.5893943e-01   8.8813442e-01  -6.4045176e-02  -6.7537075e-01  -3.3428732e-01  -1.1148497e+00  -1.4518037e+00  -6.4218089e-02
   9.3813896e-01  -3.8496041e-01  -8.0771141e-02  -1.7037594e-01   1.3037924e-01  -8.2752371e-01   7.4524328e-02   1.0108070e+00  -9.5341134e-01  -3.1833112e-01   2.4985018e-01  -1.4609303e+00   9.7346297e-03  -1.6925706e-01   9.3787235e-01  -4.6057042e-02   2.5932133e-01   9.3907517e-01   4.2606899e-01   6.9482023e-01  -7.5073743e-01  -1.3781903e+00  -8.4749413e-01   5.4300135e-01
   1.7109802e+00   3.2092530e-01   1.8428701e-01   1.4781332e-01  -1.1481820e+00  -1.2689729e-01  -2.3096204e-02   1.2400701e+00   1.2542079e-01  -1.1250736e-01  -1.0250413e-01   4.6000786e-02  -2.6839465e-01   1.1495634e-01   1.7238959e+00   2.0650563e-01  -2.4205159e-01   1.1363671e+00  -1.1957611e+00  -2.5895053e-01   1.3063431e-01   4.4807941e-02   1.7039442e-01   7.3223017e-02
   1.5734744e+00   2.0744254e-01   4.1054633e-02  -4.0043499e-02   6.3001591e-01   7.9966433e-02   1.1375272e-01  -1.3254447e+00  -9.4212627e-01   1.4037748e-02   2.8624570e-01  -5.7884628e-01  -9.6381128e-02  -7.7859253e-02   1.5970243e+00   1.7075314e-01   2.3765846e-01  -1.3348526e+00   6.5657139e-01   1.5455598e-01  -4.0451437e-02  -6.0679585e-01  -8.0341530e-01  -3.1049204e-01
   1.0153376e+00  -3.9139654e-02  -3.1006545e-01   1.7540446e-01  -6.1344737e-01   1.7044808e+00   3.9718798e-01  -8.8803256e-01  -5.8790898e-01   7.5897895e-02   2.9187042e-01  -4.1968048e-01   2.3943539e-01   1.3209359e-01   1.0039110e+00   5.4611741e-03  -5.0523680e-01  -9.9380159e-01  -6.1923546e-01  -1.6269240e+00  -2.0823447e-01  -4.8849356e-01  -5.9726030e-01  -7.3527098e-02
   8.4497130e-01   6.3901685e-02  -1.2678982e-01   9.1038994e-02  -7.4474305e-02  -1.1810236e+00  -3.7681410e-01  -6.6009444e-01  -1.2383814e+00  -1.1264598e-01   1.4616385e-01  -1.3083799e+00   1.3119836e-01  -8.6481668e-02   8.5396910e-01   5.5719819e-02   4.0797499e-01  -6.2167716e-01  -3.6598271e-01   1.1022019e+00   8.9306757e-02  -1.2193694e+00  -1.3530493e+00  -1.2506983e-01
   1.6732630e+00   3.1252466e-02  -1.3306686e-01  -2.2903703e-01  -4.8110938e-01   1.9768965e-01   2.3009411e-01  -7.1922678e-01  -1.0090948e+00  -2.3149376e-01  -1.6680636e-02  -1.1027836e+00   7.5503252e-02  -1.8080181e-01   1.7320083e+00  -5.8588549e-02  -1.6338974e-01  -7.0668781e-01  -4.2759171e-01  -9.7063035e-02   9.3120418e-02  -1.1104282e+00  -9.6957248e-01   2.4118742e-01
   1.0844382e+00  -1.9108309e-01   2.1661981e-03  -1.2481160e-01   6.6674471e-01  -1.2242050e-01  -8.4964514e-02  -3.8169780e-01  -1.6773736e+00  -4.7712883e-01  -3.2024735e-01  -1.0077987e+00   6.8575308e-02  -2.0372444e-01   1.1095742e+00   1.4126611e-01   7.4357614e-02  -4.0399575e-01   7.5143415e-01   3.0621953e-02   9.8012641e-02  -9.3249053e-01  -1.7059579e+00   4.2298117e-01
   1.6572385e+00  -8.3489827e-04  -5.3884786e-01   1.9599265e-01   3.1580466e-01   1.2686514e+00  -3.6014798e-01   1.3279167e-01  -7.1363330e-01   1.2087487e-01  -4.9046092e-02  -7.3617375e-01   4.9901026e-01   9.3993351e-02   1.6526312e+00  -3.8673055e-01   3.6816734e-01   1.0289707e-01   8.1935726e-02  -1.2830496e+00  -1.3317125e-01  -6.8173277e-01  -7.5237757e-01  -1.1735757e-01
   1.9075390e+00   9.2843380e-03  -2.3866220e-01   1.0274937e-01   2.0648658e-01  -3.5523728e-01  -9.0495539e-01   2.4443986e-01  -4.8423588e-01  -7.1568891e-02  -4.3672422e-01  -9.0323377e-01   2.0956686e-01   2.0605360e-01   1.8453879e+00   2.4902025e-01   8.9225823e-01   2.8438944e-01   1.5034911e-01   3.4964964e-01   6.7195094e-01  -8.2364273e-01  -5.1542032e-01  -1.6949905e-01
   1.1354660e+00   1.3185105e-01   1.2151422e-01  -1.7733013e-02  -1.3538791e+00  -4.9324572e-01  -6.9049698e-01   4.7988579e-01  -1.0130361e+00   3.7134129e-01   3.4565267e-01  -7.8184587e-01  -1.6737163e-01   8.0002025e-03   1.1176975e+00  -3.1102139e-01   7.4218071e-01   3.6994326e-01  -1.2397230e+00   5.3636408e-01  -4.1102931e-01  -8.2207149e-01  -1.0596333e+00  -3.8220620e-01
   1.1935935e+00  -1.1101210e-01   4.7674417e-02  -1.6775732e-01   8.8456726e-01   1.6903293e-01   4.3987855e-01   3.3412904e-02   9.4002140e-01   1.0449000e-01  -1.4333558e+00  -7.6018894e-01  -5.6629512e-02  -2.0149583e-01   1.2169223e+00   2.2119619e-01  -4.1522869e-01   3.4433573e-02   9.3979484e-01  -1.1106832e-01   1.5377834e+00  -5.3555703e-01   8.2743496e-01  -1.4479828e-01
   1.0965495e+00   1.0953372e-01   9.3032606e-03  -1.9047065e-01  -5.1479840e-01   8.7185091e-01   1.1128144e+00  -3.6843637e-01   7.8256464e-01   9.8065063e-02  -1.1868219e+00   5.6515765e-01  -9.9954508e-02  -1.4619467e-01   1.1068028e+00  -6.6738330e-02  -1.2060399e+00  -2.8345653e-01  -5.6162101e-01  -7.4661720e-01   1.1873589e+00   5.3058898e-01   7.7538633e-01  -1.9714265e-01
   1.0320442e+00  -1.3309164e-01   7.3543265e-02   7.7753536e-02  -1.0401673e+00  -9.9624175e-01   4.6840250e-01   1.6675122e-01   1.2709947e+00   4.6964946e-01  -7.7446848e-01   3.8505292e-01  -8.0850087e-02   1.8024744e-01   9.5902127e-01  -3.3220029e-01  -3.1148198e-01   2.9648545e-01  -4.4032967e-01   1.4206215e+00   8.2163185e-01   8.6384684e-02   9.0900332e-01  -1.0124656e+00
   1.7965850e+00   3.7233031e-01  -1.2730744e-01   2.6342824e-01  -1.2385465e+00   1.4863996e-01   3.4929448e-01  -4.3060669e-01   6.1641741e-01   3.6903271e-01  -2.0347176e-01   3.5633364e-01   1.0709038e-01   2.2403984e-01   1.8774046e+00  -4.0656205e-02  -2.9805341e-01  -4.7161117e-01  -1.1475019e+00  -4.0149581e-01   1.5234077e-01   2.9548159e-01   6.5134650e-01  -2.9674146e-01
   1.1853728e+00  -1.6058315e-01   1.9585891e-01  -9.2245825e-02   7.9342008e-01   4.6611181e-01   4.3108892e-01   1.7410731e+00   4.8273480e-01  -2.3938784e-01  -2.9829326e-01   2.8101268e-01  -2.5472736e-01  -1.6658412e-01   1.1506042e+00   1.9219056e-01  -5.3528696e-01   1.7093564e+00   8.0207610e-01  -4.1834009e-01   1.9557863e-01   2.9053432e-01   6.1223298e-01   1.4926220e-01
   1.7107490e+00  -7.5630836e-02  -2.4720246e-01   9.9560425e-02   2.9904532e-01   8.2673883e-01  -8.0682542e-03   5.6832290e-01   1.1665581e+00  -3.4545779e-02  -6.9313228e-01   2.4110514e-01   1.2747373e-01   1.6283974e-01   1.5971016e+00   4.5635188e-01  -1.7606248e-01   5.6125486e-01   5.3170246e-01  -7.0594490e-01   6.0905838e-01   4.7284734e-01   1.1899159e+00   2.4644668e-01
   1.9052918e+00  -2.1924698e-01  -2.5955990e-01  -2.3312402e-01   5.4207193e-03  -4.1257495e-01   1.2640725e-01   7.2787076e-01   9.1417402e-01   1.7737447e-01  -7.2488320e-01  -3.0236083e-01   2.8585020e-01  -2.3960422e-01   1.7988923e+00   6.5313262e-01  -2.5842717e-01   7.0572221e-01  -1.0096081e-01   4.7655264e-01   7.6376945e-01  -1.2743847e-01   8.9212537e-01   2.6218988e-02
   4.1394189e-01  -2.4180958e-01   1.1878541e-01  -2.7457947e-02  -2.7752861e-01   3.6383095e-01   3.8587269e-01   3.9252069e-02   1.3506938e+00  -1.2622062e+00  -1.3179357e+00   4.9090782e-01  -8.3637014e-02  -1.3162327e-03   4.9379247e-01   1.6825405e-01  -3.4146687e-01   3.1023288e-02  -3.5148540e-01  -2.9131368e-01   1.3639668e+00   2.8154492e-01   1.5552149e+00   1.0181009e+00
   1.0897838e+00  -1.1227894e-01   2.1219486e-01   1.0983215e-01   1.2827102e+00  -2.0586316e-01  -2.7418810e-01  -1.2940465e+00   6.6663533e-01  -3.7539110e-01  -8.4800261e-01  -2.8023759e-02  -2.2358328e-01   1.1345342e-01   1.1166743e+00   1.1204872e-01   6.4631008e-02  -1.2651333e+00   1.3145276e+00   2.4200594e-01   8.5735214e-01  -1.2705031e-01   6.6481662e-01   3.0521846e-01
   1.7059562e+00   5.7228908e-02  -2.9060501e-01   1.7161798e-01   3.4493786e-01   2.2831114e-01   4.6948895e-01  -7.3505318e-01   9.8446625e-01   5.8085436e-01  -7.5876278e-01   3.9801520e-01   1.6431962e-01   2.7454191e-01   1.7071048e+00   1.5276720e-01  -3.6460865e-01  -7.5001556e-01   3.3986410e-01  -1.3790070e-01   6.4921069e-01   4.4120747e-01   1.1372584e+00  -4.6967953e-01
   1.7554111e+00   1.2747522e-01   2.0744199e-01   3.3453888e-01  -1.1368373e-01  -1.0337442e+00  -1.7809060e-01  -5.9239566e-01   8.3441210e-01  -5.1075090e-02  -7.5110483e-01   1.4185111e-01  -1.8820095e-01   2.8902623e-01   1.7238202e+00   2.5390902e-01   2.9989612e-01  -5.6646341e-01  -3.1271800e-01   9.7745234e-01   7.7329439e-01   2.8000531e-01   7.8879422e-01   2.8707200e-01
   9.9614024e-01   1.0597758e-01   2.5481154e-04  -9.9457964e-02  -6.0775822e-01  -2.1960638e-01  -3.5827935e-01  -1.8409734e+00   7.5825435e-01   6.2507781e-04  -4.3729407e-01   5.3409874e-01  -8.6802710e-03  -1.5550768e-01   1.0154070e+00  -4.0778339e-01  -2.4363175e-01  -1.7498302e+00  -5.5051345e-01   3.9039209e-01   6.0366893e-01   4.2074713e-01   7.9385495e-01  -1.7326383e-01
   1.5733702e+00   2.3084162e-01  -5.8373049e-02   1.6374543e-01   8.3617401e-01  -5.4730529e-01  -8.8510007e-01   8.4009238e-02   7.4155897e-01  -1.3039805e-01  -1.0406114e+00  -4.4974033e-02   5.9617482e-02   2.4741797e-01   1.5792373e+00  -3.0984008e-01   8.5961622e-01   1.9426399e-01   8.9751309e-01   4.0235615e-01   1.0122828e+00  -1.0704465e-01   7.5095385e-01   3.2133121e-02
   7.4754399e-01  -4.2094949e-01  -1.3071421e-01  -2.0529896e-01   4.2567939e-01   5.0395262e-01  -1.1444340e+00   1.1381023e+00   4.5342571e-01  -1.4626542e-01  -1.2281079e+00   6.5523362e-01   4.8280470e-02  -2.1650209e-01   8.5815048e-01   1.8734428e-01   1.3719722e+00   7.1621698e-01   4.1256341e-01  -5.1296091e-01   1.3804456e+00   3.1968224e-01   5.8552283e-01   6.5855362e-04
   9.8024845e-01   5.4316808e-02   9.4441615e-02   4.0824648e-02  -1.9201830e-01  -3.7590805e-01  -8.2956284e-01  -2.6597691e-01   1.3242368e+00  -2.1853541e-01  -1.4069992e+00   5.5450284e-01  -1.2013466e-01   3.8906123e-02   9.0096009e-01  -3.0816635e-01   7.3254335e-01  -4.4860393e-01  -1.3556014e-01   4.1751865e-01   1.4801351e+00   3.9475334e-01   1.3337562e+00  -1.4580309e-01
   1.7956073e+00   2.1580601e-01  -6.8029515e-02  -1.1391888e-01  -6.0907483e-01  -9.3078449e-02  -9.9384290e-01  -2.0566525e-01   5.9924227e-01   1.9777142e-01  -8.4976864e-01  -4.2620161e-01   6.2288322e-02  -5.5550117e-02   1.7681764e+00   3.3411062e-01   1.0025309e+00   6.2182076e-02  -6.2655199e-01  -7.5214252e-02   9.2820019e-01  -1.5182887e-01   6.7678875e-01  -7.1737774e-02
   1.1895276e+00  -5.1953129e-02  -2.5093976e-01   1.8131588e-01   1.2620277e+00  -7.7762312e-01   1.0141239e+00  -4.1408828e-01   2.4765463e-01   7.1658325e-01  -7.1629924e-01   3.5223424e-02   3.4915906e-01   1.8531245e-01   1.1683720e+00  -1.1149525e-01  -1.0030602e+00  -2.6520556e-01   1.4655671e+00   5.9482956e-01   6.3263679e-01   8.2953967e-02   1.5074280e-01  -6.7691642e-01
   1.6093636e+00   9.1793332e-03   3.1681666e-01   1.0007250e-01   2.2673419e-01   7.4811184e-01   9.8387849e-01   1.2343899e-02  -5.1875794e-01   8.1912225e-01  -8.7889677e-01   8.7742455e-02  -3.5390341e-01   1.3809234e-03   1.5422140e+00   8.5625477e-02  -1.0557532e+00  -7.0739351e-02   3.4490588e-01  -8.4682441e-01   8.0050856e-01   1.5409461e-01  -4.4161737e-01  -8.2080406e-01
   1.7309438e+00  -5.7153028e-01   1.1608361e-01  -2.1789227e-01  -2.2591737e-01  -3.9564732e-01   1.0590007e+00   2.0598872e-01   4.1680638e-02   3.1399322e-01  -1.0696356e+00  -1.7174805e-02  -1.7776293e-01  -3.3265570e-01   1.8156618e+00   4.8343062e-02  -1.0455106e+00   4.4324934e-01  -1.2651780e-01   3.6582035e-01   9.9486506e-01  -2.2024105e-01  -2.7350692e-02  -2.8349826e-01
   9.8660696e-01  -2.2141139e-01   1.3109294e-01   1.5122361e-01  -1.2443500e+00  -4.5755824e-01   1.4667343e+00   4.3992177e-01  -4.3103018e-01   5.2293462e-01  -4.5728526e-01  -4.0812618e-01  -1.5451552e-01   1.0575128e-01   9.7403651e-01   3.0364347e-01  -1.4750650e+00   3.9921188e-01  -1.3390050e+00   2.2847804e-01   5.0952357e-01  -3.2102537e-01  -3.1145716e-01  -5.3291053e-01
   1.7156816e+00   1.2283917e-01   3.7300676e-02   2.4767102e-01   1.2636424e+00   7.9744840e-01  -2.9910894e-02   4.0590787e-01   1.3558118e-01   3.0407736e-01  -6.8007404e-01  -8.3052263e-02  -5.3046744e-02   2.1279539e-01   1.7434204e+00  -3.8833073e-01   1.1543155e-01   4.4685948e-01   1.1488726e+00  -8.7995237e-01   6.1531103e-01  -3.8067102e-02   9.5882289e-02  -2.5515848e-01
   1.0274442e+00   1.1945220e-01   9.6961357e-02   9.5911652e-02   5.4861214e-02   1.0560453e+00   5.1546711e-01   1.4787630e+00  -2.6020199e-01   9.6542400e-01  -5.5899638e-01  -1.6904348e-01  -6.6624030e-02   7.8288980e-02   1.0697565e+00   6.5483309e-02  -9.0323168e-01   1.2133000e+00   2.0395556e-01  -9.7844481e-01   5.2330816e-01   6.8267244e-03   2.0570595e-02  -1.1311797e+00
   9.1572988e-01   1.5849049e-01   3.7400175e-02   5.0510269e-02   3.5265151e-01  -9.0628594e-01  -6.6852283e-01   7.1805656e-01   2.5134940e-02   7.1050733e-01  -1.5890177e+00  -4.4010663e-01  -6.9531828e-02  -3.0343814e-02   8.7835068e-01   2.9671702e-01   1.7184825e-01   9.3062675e-01   2.9478779e-02   9.8557329e-01   1.6685935e+00   2.7653840e-01   4.9595511e-01  -4.0029010e-01
   1.2194226e+00  -3.6429826e-02   1.1735399e-01  -1.3831316e-01  -9.3267083e-01   3.1005844e-01  -1.1776641e-01   1.0998443e+00   6.5298712e-01   8.4767014e-01  -1.0529402e+00  -1.8873687e-01  -4.8440032e-02  -1.7917226e-01   1.2727087e+00   5.6352854e-02   2.4244457e-02   1.0516833e+00  -9.1432512e-01  -3.2253227e-01   1.1160866e+00  -2.1872108e-01   6.1937630e-01  -7.8665787e-01
   1.5489545e+00   1.5511100e-01   1.5691483e-01   3.2511318e-01   7.4371779e-01   2.8782514e-01  -6.4026296e-01  -1.0647627e+00  -2.5031822e-02   8.3857232e-01  -7.2206181e-01   2.0381474e-01  -1.8349364e-01   2.8509814e-01   1.6527593e+00  -1.6323133e-01   4.5345023e-01  -1.0171425e+00   7.9266381e-01  -2.7659220e-01   6.9240594e-01   2.0283970e-01   5.8174832e-03  -8.1312507e-01
   1.0454619e+00  -1.7926711e-01   8.0523759e-02   4.0103489e-01  -2.6190564e-01   1.3549377e+00   1.6260809e-01  -9.8355961e-01  -1.8857574e-01   8.4238493e-01  -9.7570622e-01   3.3481586e-01   8.2205832e-03   2.1886781e-01   1.0374824e+00   9.0304632e-03  -9.2226967e-02  -8.9589447e-01  -4.9488276e-01  -1.3965974e+00   1.1439077e+00   3.3693555e-01  -2.2947901e-01  -6.2796587e-01
   4.1574508e-01  -2.6507926e-01  -7.0314467e-02   1.9522136e-03  -8.1629175e-01  -1.5754175e+00  -7.8229505e-01  -1.1434089e+00   1.7241485e-02   6.9740993e-01  -4.0453985e-01   1.8430462e-01   6.8098105e-02  -5.9958916e-02   5.9494030e-01  -5.9808582e-02  -1.2784027e-01  -1.3061179e+00   4.2747328e-01   1.7705554e+00   3.8989291e-01  -9.0519071e-02  -4.2159995e-01  -5.0635260e-01
   1.3183795e+00  -3.1906125e-01   1.0465285e-01  -3.8824186e-01  -9.5998895e-01  -2.9643723e-01  -1.5791299e-02  -6.8507397e-01   5.8748883e-01   8.0523264e-01  -1.2315224e+00   9.5771506e-02  -3.1288568e-02  -4.3205312e-01   1.3537207e+00   3.0956939e-01  -2.8302420e-02  -7.0047992e-01  -8.9851570e-01   2.0038196e-01   1.2147716e+00   2.5076294e-01   5.2184016e-01  -8.5681552e-01
   5.7410395e-01   1.8220045e-01  -3.7391044e-02  -2.6865393e-01   1.4798310e+00  -3.9147115e-01  -1.3999987e+00   1.8086211e-01  -1.2971669e-02   7.6117021e-01  -7.8702170e-01   1.6978455e-01   5.4437950e-02  -2.4514002e-01   6.0090369e-01  -1.9973303e-01   1.5226202e+00   2.0329006e-01   1.4150641e+00   4.5250872e-01   6.7594171e-01   2.6519006e-01  -5.1573496e-02  -6.6273057e-01
   1.6915039e+00   3.7115130e-01   1.3739008e-01  -2.8306851e-01  -4.0687673e-02   2.7864605e-01  -4.3115333e-01   1.1040914e-01  -1.8228470e-01   5.9459984e-01  -1.4419196e+00  -3.9845467e-01  -5.0504826e-02  -3.1243858e-01   1.7365850e+00   3.5464361e-02   3.7898710e-01   2.4637894e-01   4.7355186e-02  -2.2018343e-01   1.4799629e+00  -3.5372190e-02  -1.2045164e-01  -6.4941317e-01
   1.8024727e+00  -8.6883977e-02   3.8282592e-02  -4.4128168e-02   4.0124643e-01  -1.1882162e+00  -4.6937931e-01  -3.5454005e-01  -1.0082028e-01   7.9329658e-01  -3.9935943e-01  -1.4928502e-01  -1.0020136e-02   2.1527365e-02   1.7313559e+00   4.0571234e-01   5.7983994e-01  -2.0156814e-01   2.4849217e-01   1.2437065e+00   4.3663946e-01  -9.3139939e-02   9.8339237e-02  -8.0177402e-01
   1.0010407e+00  -3.8061541e-01   5.9939884e-02  -1.6959922e-01  -5.0198060e-01   1.7148193e-02  -1.5500981e+00  -6.9197163e-02   2.2854623e-01   1.0952063e+00  -8.7843645e-01   3.7075651e-01  -3.5864446e-02  -1.5951079e-01   1.0875829e+00   2.7291334e-01   1.4897267e+00  -4.4992015e-01  -4.5031923e-01  -1.0625738e-02   8.7470889e-01   1.9112186e-01  -6.4006962e-02  -1.1338419e+00
   1.2411556e+00  -1.6147991e-01   5.4752413e-02  -3.0517261e-02   5.6338829e-01   2.9844850e-01   1.1889524e+00  -1.6948599e-01   4.9319419e-01  -1.2264863e+00  -8.6482728e-01   2.9202941e-01  -8.0386050e-02   8.2202658e-02   1.2556176e+00   3.0266318e-01  -1.2365586e+00  -2.3943099e-01   5.3480977e-01  -1.3624696e-01   8.2036167e-01   4.0024772e-01   4.9008179e-01   1.1637179e+00
   1.7161770e+00   2.3325874e-01   5.5142011e-02  -1.0571257e-01  -1.9379899e-01   4.1787469e-01   1.0405707e+00  -7.0234013e-01  -3.0377993e-01  -6.2842512e-01  -8.2103002e-01   1.9124077e-01   5.6029055e-02  -1.4619303e-01   1.7409705e+00   7.1064293e-02  -9.0419638e-01  -8.7763220e-01  -6.4841822e-02  -4.3691412e-01   7.5385439e-01   3.3444229e-01  -4.0108079e-01   5.6172884e-01
   1.4541826e+00   3.3246085e-01   4.6276143e-01   1.0274409e-01   3.8971564e-01  -1.1660950e+00   9.1931105e-01   1.6301155e-01   6.6816479e-02  -7.3678601e-01  -7.3208940e-01  -2.8893709e-01  -4.5356244e-01  -2.1586223e-01   1.5148062e+00  -4.2204499e-02  -1.0595335e+00  -1.2304151e-01   1.3201992e-01   1.1307691e+00   6.6656470e-01  -1.6300301e-01  -5.5652916e-02   7.3720467e-01
   2.4110694e-01   2.8086859e-01   6.3484721e-02   1.0988657e-01  -1.0863583e+00  -3.1541634e-01   9.3428266e-01   3.6964691e-01   4.9664852e-01  -1.4195546e+00  -7.7928257e-01   8.2982773e-01  -6.9710188e-02   1.2416641e-01   2.0455351e-01  -2.0421082e-01  -9.4923580e-01   2.8612188e-01  -1.0799310e+00   4.7285870e-01   9.4513828e-01   7.5069243e-01   3.4488341e-01   1.3955816e+00
   1.6076865e+00   4.3572408e-01  -2.4224045e-03  -1.5325621e-01   5.8145458e-01   1.9135199e-02  -1.0293016e-01   9.5194459e-01   3.6917605e-02  -6.9197482e-01  -1.2072321e+00   9.5633425e-02  -1.2810835e-02  -1.0293245e-01   1.6265370e+00   4.1852508e-02  -1.8403141e-01   9.3164223e-01   5.4607916e-01   1.3455702e-01   1.1759692e+00   5.9247416e-01  -8.9524329e-02   6.1789209e-01
   1.2358471e+00  -1.2419423e-01  -1.4624044e-01  -9.7401634e-02  -6.8103927e-01   1.1489700e+00  -5.0190753e-01   1.1691724e+00   9.5158324e-02  -4.7181779e-01  -8.1178820e-01  -3.6454773e-01   1.2321788e-01  -2.3470020e-01   1.1509407e+00   2.9850349e-01   2.5292230e-01   1.1900862e+00  -2.4915232e-01  -1.3437377e+00   9.4244659e-01  -1.4301865e-01  -3.6513723e-02   5.0792408e-01
   9.4791788e-01   4.7189672e-02  -6.2329452e-02  -1.5301959e-01  -2.4434404e-01  -8.9895165e-01  -8.3354783e-01   1.1633210e+00   7.4244362e-01  -7.3595476e-01  -7.4596828e-01  -7.1180630e-01   1.0837816e-01  -2.0342366e-01   9.6844327e-01   1.7602493e-01   3.9367315e-01   1.4882748e+00  -3.0001077e-01   6.7178613e-01   7.9651469e-01  -3.7257883e-01   5.1714045e-01   1.0129547e+00
   1.5158372e+00  -4.2559707e-01  -9.5067769e-02  -8.4641865e-03  -6.4781439e-01   3.2483032e-01   5.2595508e-01   3.2781234e-01   3.5116535e-01  -1.0035070e+00  -1.1026603e+00   5.0648171e-01   4.2362384e-02  -1.8135600e-01   1.5639025e+00  -7.0718110e-02  -3.8962650e-01   4.7946206e-01  -6.9636142e-01  -4.0789384e-02   1.1694255e+00   2.3506267e-01   6.4651847e-01   8.9746916e-01
   1.5741774e+00   1.9635028e-01  -3.9531460e-01  -2.3467083e-01   4.6081063e-01  -1.6945109e-01  -5.7496768e-03  -4.8057020e-01  -1.5183918e-01  -7.0724201e-01  -1.3858229e+00   5.9688836e-01   3.7758136e-01  -1.6753881e-01   1.6419712e+00   9.7766168e-02   3.7936121e-02  -4.7506338e-01   5.1871765e-01   2.5537714e-01   1.1127580e+00   9.5009178e-01  -1.7734659e-01   6.2447500e-01
   8.2325381e-01   1.5599300e-01   1.3702740e-01  -9.3194529e-02  -2.2288436e-01   1.6492640e+00   2.2478609e-01  -7.7708089e-01  -5.4236304e-02  -1.0437860e+00  -8.4496170e-01  -1.9983420e-01  -1.4730474e-01  -2.1827286e-01   8.2136250e-01  -2.0047987e-02   1.4777191e-03  -8.7709117e-01  -2.4373099e-02  -1.6473038e+00   7.4123210e-01  -1.6454935e-01  -1.6778624e-01   1.0804960e+00
   6.4151168e-01  -1.2920949e-01  -9.5659830e-02   1.0890633e-01   4.9968308e-01  -9.0829527e-01   4.6867274e-02  -9.9157953e-01   3.7877643e-01  -1.1162926e+00  -8.8302934e-01  -1.1494889e+00   3.7371106e-02   1.3083333e-01   5.6439626e-01   2.1732278e-01   2.0204988e-01  -8.7873590e-01   2.4571295e-01   1.1174594e+00   1.0657583e+00  -9.1732490e-01   2.4676518e-01   1.2064011e+00
   1.5317574e+00   3.5141811e-01  -2.6418605e-01   3.4716424e-01  -6.3387513e-01   2.2591595e-01   1.4380178e-01  -8.3700085e-01  -2.2129148e-01  -1.1634344e+00  -8.4978682e-01  -2.0281871e-01   2.0434795e-02   4.5090371e-01   1.5836233e+00   1.4948551e-01   1.7855127e-01  -8.3723646e-01  -4.2899343e-01  -4.6420780e-01   8.2900518e-01   4.2361617e-02  -6.6608506e-01   1.0004883e+00
   3.7349388e-01  -1.8125115e-01  -2.4037537e-01   1.4522000e-01   8.0897057e-01  -5.1068783e-01  -5.5797309e-01   7.2186434e-01  -5.7174170e-01  -9.9174124e-01  -1.6070520e+00   3.2873791e-01   2.7441022e-01   6.9715641e-02   4.0648443e-01   6.8772316e-02   5.8657628e-01   5.6032240e-01   8.4956270e-01   4.6252990e-01   1.6104488e+00   6.0678866e-02  -4.8346406e-01   1.1511694e+00
   1.3163290e+00   3.5388052e-01   2.2652736e-01  -4.7903565e-01   1.7079903e-03   6.6861707e-01  -6.7304790e-01  -6.4037204e-01   8.7110579e-01  -8.8722098e-01  -9.9709630e-01  -1.0463422e-01  -1.7636034e-01  -4.9118838e-01   1.3403769e+00  -3.3180478e-01   6.6916335e-01  -6.2644243e-01   9.9620327e-02  -6.5249431e-01   9.9140811e-01   5.4679308e-02   7.6463377e-01   9.8716730e-01
   1.6112663e+00  -5.1494241e-02   5.4887742e-02  -9.2653848e-02  -6.3829350e-01  -6.6492897e-01  -5.6712461e-01   1.6629206e-01  -6.0725671e-01  -8.9186877e-01  -1.0099626e+00   8.0773152e-02   1.2797730e-02  -8.9414388e-02   1.5239115e+00   3.4418249e-01   5.7447791e-01   2.9002163e-01  -7.1195596e-01   5.9123510e-01   9.5854837e-01   2.8278333e-01  -8.1802481e-01   7.8265542e-01
   9.2191720e-01   3.6188278e-02  -1.3641958e-01   1.2663163e-01  -1.3462757e+00  -6.2951493e-01  -1.4858348e+00   3.9159179e-02   1.1451360e-01  -6.0012686e-01  -5.6321013e-01   7.5204626e-02   1.2336136e-01   1.6362551e-01   9.2044771e-01   7.0887193e-02   1.4037716e+00   2.8625581e-01  -1.5014826e+00   3.9361444e-01   5.2935994e-01   2.2539364e-01   3.3431209e-03   5.5930632e-01
   1.6712667e+00   4.9433666e-01  -1.6515797e-01  -1.8796834e-01   9.4449610e-01   7.6186627e-02  -5.5386312e-02   3.2546461e-02  -1.2435501e+00  -1.1230435e-01  -6.5477377e-01  -1.0063862e-01   1.3830057e-01  -1.8678625e-01   1.7164025e+00   5.8956571e-02  -3.0009861e-03   1.0480903e-01   9.3417156e-01   2.3397578e-01   6.5477705e-01   9.4995223e-02  -1.2360766e+00  -3.0399382e-01
   1.0211600e+00  -9.8148800e-02   6.8920806e-02  -2.1834035e-01   5.2831832e-02   4.8657337e-01   3.3547875e-01  -6.5878862e-01  -9.0611255e-01   1.0644104e-01  -1.7996840e+00  -1.9455233e-01  -1.0482017e-01  -1.3900287e-01   1.0840648e+00  -1.8822142e-01  -5.8930868e-01  -5.6430286e-01  -6.2239684e-02  -5.0318670e-01   1.5880128e+00  -7.5325471e-01  -8.5087329e-01   1.5202212e-01
   8.0390441e-01  -8.6658984e-02   8.4703825e-02  -1.0136702e-01  -4.4108307e-01  -8.1817627e-01   1.2872450e+00   4.4860680e-02  -1.0597476e+00  -3.6034644e-02  -1.2758201e+00   2.3176977e-01  -1.2212916e-01  -9.6240051e-02   8.2347083e-01   1.3158141e-01  -1.2775372e+00   6.6776551e-02  -4.1049951e-01   8.7304872e-01   1.3250263e+00   2.5692829e-01  -9.4413942e-01   3.7746329e-03
   1.6654991e+00   2.8180489e-01   6.0089145e-02  -3.3202231e-01  -1.1906289e+00   1.5720052e-01   4.9622974e-01   1.7896649e-01  -7.3216325e-01  -9.6638796e-05  -8.5851723e-01   1.9787079e-01  -5.9217181e-02  -3.5397628e-01   1.6798481e+00  -5.0452955e-02  -6.2071264e-01   2.1473105e-01  -1.1687160e+00  -2.5671971e-01   8.0740237e-01   2.8652710e-01  -6.6909593e-01   4.3337610e-02
   7.1711791e-01   3.8212322e-02   2.0961296e-02  -2.6366663e-01   1.1490954e+00  -6.3145146e-02   2.7192941e-01   1.2347089e+00  -1.1299182e+00  -3.1662473e-01  -1.0317456e+00  -2.2359952e-01  -5.0738722e-02  -2.9760009e-01   7.4459481e-01   8.7045625e-02  -5.2232480e-01   9.2988372e-01   1.2912315e+00   3.2171303e-01   1.1216645e+00   1.4796256e-01  -1.0739781e+00   7.1577072e-02
   1.8732816e+00   6.4717092e-02   9.5411360e-02  -3.0779505e-01  -1.5539961e-01   1.5999195e-01  -4.0627930e-02   1.0986447e+00  -9.8467135e-01   1.2512940e-01  -3.2247961e-01   1.8746151e-01  -7.4371636e-02  -2.5315052e-01   1.8730131e+00  -1.0956737e-02  -1.1279522e-02   1.0746049e+00  -1.1755043e-01  -1.7647542e-01   3.5370022e-01   1.7882124e-01  -1.0015272e+00  -2.4916403e-01
   1.5749348e+00   3.1783974e-01   2.8069493e-01  -1.6101690e-01  -3.1072268e-01  -1.3368896e+00  -3.2614297e-01   6.6882968e-01  -6.2430400e-01   1.1091714e-01  -6.1053085e-01  -3.1860742e-01  -1.9841689e-01  -1.6684720e-01   1.6273209e+00  -2.7016085e-03   1.7419238e-01   6.3872451e-01  -6.6641158e-01   1.2938375e+00   5.7752699e-01  -2.0665351e-01  -5.4406261e-01  -2.3650213e-01
   1.0527091e+00   1.5131868e-01  -4.5875479e-03   5.2736733e-02  -6.3802272e-01   1.0626262e-01  -2.6717564e-01   6.2470514e-01  -8.6345220e-01  -2.9153255e-01  -1.4729624e+00  -9.9294561e-01  -6.8183787e-02   8.0541484e-02   1.0762109e+00   2.9812086e-01  -9.7648852e-02   6.9588774e-01  -5.2360833e-01  -3.6820608e-01   1.6719398e+00  -3.0110392e-01  -9.7032160e-01  -1.0320587e-01
   1.0229928e+00  -9.2674270e-02   3.3274557e-02   1.1339848e-01   9.1657823e-01  -4.3562549e-01  -4.8170438e-01  -1.0187358e+00  -8.7120354e-01   1.4986224e-01  -1.3554134e+00   1.1217406e-01  -5.7144486e-03   1.3658538e-01   9.9711722e-01  -4.2475026e-02   3.8156068e-01  -1.1110661e+00   9.6122158e-01   3.3777621e-01   1.3438762e+00  -6.8084359e-02  -8.6809105e-01  -5.4293986e-02
   2.3343413e+00  -4.9519397e-02   7.4367173e-02   2.2051409e-01  -2.4583390e-01   3.8898827e-03  -1.8073359e-01  -3.9313203e-01  -2.8679302e-01   4.7311675e-02  -3.9143050e-01  -9.4165720e-02   4.6110038e-02   2.1762285e-01   2.3008938e+00  -2.5054491e-01   1.0335360e-01  -5.0310671e-01  -3.3440107e-01   7.3058084e-02   3.6506408e-01  -6.1180372e-02  -2.7245945e-01  -3.7688781e-02
   1.5295057e+00   1.0464599e-01  -3.3627734e-02   1.5249857e-01  -2.9176596e-01  -4.6489465e-01  -5.4652512e-02  -7.2310609e-01  -1.3871887e+00   2.2239126e-01  -8.6277741e-01   2.8287187e-01  -3.2849051e-02   8.8984050e-02   1.5356934e+00  -2.2010113e-01  -7.6602019e-02  -7.2795027e-01  -1.6627061e-01   5.3824693e-01   9.4390357e-01   1.7109829e-01  -1.3447213e+00  -5.0638791e-02
   8.7260818e-01  -5.0316936e-01   5.4612733e-02  -2.1246512e-01  -1.1838918e+00  -1.2403533e-02   6.3897118e-02  -1.2654338e+00  -7.1267146e-01  -1.9391356e-01  -1.1736423e+00   8.4575519e-02  -1.1530033e-01  -1.0388382e-01   1.0510546e+00   2.5382879e-01  -5.0156039e-01  -1.2598480e+00  -1.0255300e+00   3.6069193e-01   1.0618967e+00  -2.6162034e-01  -6.9669437e-01   3.2361382e-01
   1.3905998e+00   1.4178504e-01   8.3054654e-02  -1.0471249e-01   3.9476761e-01  -3.6198172e-01  -1.2382851e+00   5.5898672e-01  -9.9595606e-01   3.6970305e-01  -8.5720050e-01   1.7937775e-01  -1.9700741e-02  -1.4588627e-01   1.3259150e+00  -3.5405275e-01   1.3352518e+00   3.7053365e-01   4.1295651e-01   3.8382044e-01   8.2004416e-01   2.0836768e-01  -1.0300163e+00  -2.8294617e-01
   9.5458311e-01  -3.5389182e-01   2.0009150e-01  -1.2410045e-02  -1.2534574e-03   9.2566323e-01  -1.0776728e+00  -5.7784695e-02  -9.2351341e-01  -1.2094458e-03  -1.4171777e+00  -2.0124191e-01  -3.0582660e-01   3.5694830e-02   9.7865272e-01   7.8652933e-02   1.0025905e+00  -3.9566892e-01  -1.8102859e-01  -8.4473681e-01   1.3298448e+00  -5.7036906e-01  -9.3218738e-01   2.6528153e-01
   1.4021732e+00   6.5701373e-02   1.3933110e-01  -1.3230613e-01  -6.3056058e-01  -1.2282681e+00  -9.3285263e-01  -9.0389514e-01  -4.8105448e-01  -1.9669272e-01  -2.9080218e-01   2.1099058e-01  -1.1933525e-01  -2.3294754e-01   1.4302677e+00   4.7813863e-02   8.3502185e-01  -8.4569818e-01  -5.9155571e-01   1.2676839e+00   2.1545991e-01   2.9931253e-01  -5.1587766e-01   3.3462602e-01
   1.7116594e+00   6.1960876e-02  -6.6016093e-02  -1.3578467e-01  -1.2473904e+00   4.9295151e-01  -8.1353253e-01   3.4792599e-01  -5.8008021e-01   2.6802075e-01  -1.7431346e-01   1.5166111e-01  -6.7844734e-02  -1.2200637e-01   1.6394267e+00  -3.0559629e-01   9.3890756e-01   2.1968929e-01  -1.2604276e+00  -3.0461168e-01   2.8806654e-01   9.9848896e-02  -6.4895183e-01  -2.7209663e-01
