   5.6566954e-01  -1.9677207e-02   8.4241815e-03   1.5682107e-02  -1.0005656e+00   9.7784024e-01  -9.1844362e-01   9.3726838e-01   7.5763785e-03  -1.6830685e-02   5.5256218e-01   1.0216264e-02   1.0004340e+00   9.8225260e-01  -9.1964763e-01  -9.3956888e-01
   1.0615178e+00  -1.6140396e-02  -5.8443692e-02  -8.2730919e-02  -9.2933059e-01   1.8241931e-01  -9.2574871e-01   1.0529561e+00  -7.0844114e-02   8.3699688e-02   9.9599671e-01   2.6587073e-02   9.9713802e-01   8.7742066e-01  -1.0232377e+00  -4.2905986e-01
   5.5983192e-01  -1.2213318e-02  -1.0969120e-02   5.7370579e-03  -9.5173937e-01  -9.6291524e-01  -9.6263939e-01   9.6259952e-01  -1.5358470e-03  -1.6997675e-03   5.5532092e-01  -7.4425717e-03   9.4181097e-01   9.5500922e-01  -9.7992629e-01   9.6553195e-01
   1.0010663e+00   3.5866179e-02   1.0677003e-01   5.8809426e-02  -9.9046946e-01  -1.7380342e-01  -1.0553622e+00   9.2557800e-01   1.0833459e-01  -8.9638077e-02   1.0126582e+00  -2.8228823e-02   8.5424513e-01   1.0747548e+00  -9.4230735e-01   4.2565161e-01
   9.6559662e-01   3.0809291e-02   8.8661537e-02   2.5346944e-01  -4.5394617e-01   1.2600697e+00  -7.2176248e-01   8.2448953e-01   9.8069787e-02  -2.0841658e-01   1.0027063e+00  -3.0074041e-02   1.1251056e+00   1.0932646e+00  -1.2584285e-01  -6.8095118e-01
   1.3773373e+00  -3.5499942e-02  -2.2252172e-01   1.0061222e-02  -4.3738559e-01   1.9775251e-01  -9.0835708e-01   9.9826837e-01  -2.0374773e-01   2.9622437e-02   1.3921665e+00  -3.2762274e-02   9.8020422e-01   8.9305753e-01  -1.9688256e-01  -4.7041845e-01
   1.0140003e+00  -1.7479235e-02   5.1019344e-02   3.8412407e-02  -2.9906604e-01  -9.2635024e-01  -1.0198681e+00   9.8980957e-01   5.3548094e-02  -2.8358612e-02   1.0364902e+00   3.8929220e-02   9.4645071e-01   9.2085576e-01  -3.3453599e-01   1.0319118e+00
   1.4065578e+00   4.5842454e-03   1.0220143e-01  -5.5554893e-02  -2.5503984e-01  -3.1149974e-01  -9.6023780e-01   9.6120161e-01   1.2225361e-01   4.3410424e-02   1.3991741e+00   2.2316750e-02   9.5423406e-01   9.1546446e-01  -3.9183828e-01   3.5043964e-01
   5.6503922e-01  -2.0222761e-02   1.2422821e-02  -1.3200475e-02   9.6640146e-01   9.6215564e-01  -9.5127082e-01   9.5676649e-01   1.7759180e-02  -4.0871217e-03   5.7868493e-01  -1.4778769e-02   9.6909297e-01   9.5902753e-01   9.6107703e-01  -9.3916404e-01
   1.0125402e+00   2.9588992e-02   4.2830978e-02  -1.1322245e-01   1.1462333e+00   2.4332617e-01  -9.6785671e-01   8.0587101e-01  -6.1455951e-03   1.1387422e-01   9.6070009e-01  -1.9289996e-02   9.7231060e-01   1.1427252e+00   8.1204063e-01  -3.9122862e-01
   5.5192071e-01  -1.0655062e-02  -4.3998245e-02   7.6197920e-04   9.0697479e-01  -1.0055963e+00  -1.0078939e+00   9.1850734e-01  -4.3361694e-02   9.2519131e-03   5.6431842e-01  -5.6071687e-03   9.0479976e-01   9.8862094e-01   1.0142263e+00   9.2458534e-01
   1.0087976e+00  -2.5225980e-02   8.0689840e-02   1.2886606e-01   9.5902973e-01  -8.6054221e-02  -8.5698980e-01   1.1388586e+00   1.5449026e-01  -1.0183532e-01   9.8654282e-01   2.0904524e-02   1.0678860e+00   7.8983015e-01   9.7621191e-01   5.2426803e-01
   9.7614235e-01  -1.5124842e-02  -1.0364110e-01  -1.5957907e-01   3.2345545e-01   6.5568501e-01  -1.1600205e+00   1.0632575e+00  -1.6801310e-01   1.4159186e-01   9.5656288e-01   7.1288705e-02   7.8148711e-01   8.5825449e-01   2.9406795e-01  -1.2640530e+00
   1.3472420e+00   1.4956424e-02   3.1865740e-01   1.0539372e-01   4.3672374e-01   5.7304817e-01  -8.5619581e-01   9.0547347e-01   2.7477548e-01  -9.6087925e-02   1.3652219e+00  -2.0159272e-02   1.0356106e+00   9.6614718e-01   1.9873670e-01  -7.4852005e-02
   9.8166853e-01   1.3434425e-02   1.1612373e-02  -4.0528267e-03   3.4816042e-01  -8.8575292e-01  -1.0096148e+00   1.0539919e+00   2.8235555e-02  -4.9590144e-02   9.8907578e-01  -8.7613985e-03   9.8369604e-01   9.3262768e-01   2.8545871e-01   1.0485500e+00
   1.3855691e+00   4.6455977e-03  -1.7586446e-01  -4.0759519e-03   2.1208496e-01  -4.2855477e-01  -9.8711246e-01   9.1989225e-01  -1.6875021e-01  -3.1642925e-02   1.3956630e+00   2.3849579e-02   8.9753163e-01   9.8231447e-01   4.3924412e-01   2.4215268e-01
   1.0087399e+00  -3.5367761e-02  -7.7847667e-02  -1.2372857e-01  -1.0061640e+00   8.4199643e-01  -1.0301228e+00   4.2112532e-01  -5.1299468e-02   6.3377395e-02   1.0483317e+00  -6.7452909e-03   9.0171927e-01   1.7117965e-01  -9.1324979e-01  -1.1035768e+00
   1.3593465e+00  -2.1641834e-02   2.6157281e-01  -7.3814064e-02  -7.0937920e-01   3.2652280e-01  -1.1743382e+00   2.9821709e-01   2.9291612e-01   8.4458068e-02   1.3640500e+00   1.5083450e-02   7.1686780e-01   3.3583760e-01  -1.1501232e+00  -3.1102622e-01
   9.6551847e-01  -8.1143305e-02   6.5863959e-02  -6.3682698e-02  -8.5794574e-01  -1.0786282e+00  -9.8737794e-01   4.2234096e-01   4.2328153e-02   2.7263274e-02   1.0212423e+00  -5.9079140e-04   9.7206724e-01   1.8439756e-01  -1.1008941e+00   8.7386686e-01
   1.3616867e+00   3.0013770e-02  -8.1934072e-02  -4.7154464e-02  -1.0410991e+00  -3.9085597e-01  -8.7428999e-01   3.6733177e-01  -8.6932398e-02   1.8685605e-02   1.4027952e+00  -2.6940138e-03   1.0361351e+00   2.9770055e-01  -8.9318240e-01   2.5352597e-01
   1.3751793e+00  -3.4229006e-03   4.5952782e-02  -6.2582754e-03  -2.4966356e-01   9.8933363e-01  -9.9886227e-01   2.6053894e-01   7.2404467e-02   1.5918355e-02   1.3800999e+00   4.0445277e-03   9.4106781e-01   3.7831509e-01  -4.0177435e-01  -9.4850320e-01
   1.6825029e+00   1.8245908e-02   1.2001469e-02   1.2533891e-01  -3.3594933e-01   4.0511024e-01  -8.9002573e-01   2.8961235e-01   2.6969222e-02  -1.0303336e-01   1.6776441e+00   2.9929646e-03   9.6019304e-01   3.1560031e-01  -2.9652798e-01  -2.5427392e-01
   1.3792261e+00  -1.6898178e-02  -3.0826194e-02   1.7529921e-01  -3.7333414e-01  -8.6847240e-01  -1.0508902e+00   2.6033992e-01  -4.5304202e-02  -1.5001617e-01   1.4077044e+00   9.1959564e-03   8.3381659e-01   3.8917229e-01  -2.8326970e-01   1.0328506e+00
   1.6587219e+00  -1.2505361e-02   2.0160386e-03   6.4550683e-02  -3.3551028e-01  -2.9489294e-01  -9.6884471e-01   3.2576895e-01  -1.8932694e-04  -8.7777518e-02   1.6822070e+00   7.9381671e-03   9.2087263e-01   3.4006491e-01  -2.9214251e-01   3.3677065e-01
   1.0031828e+00  -3.7357330e-02  -7.5933009e-02   5.1366646e-02   8.3653593e-01   9.9175799e-01  -1.0560024e+00   4.3047330e-01  -7.8460313e-02   6.8305726e-03   1.0127666e+00  -4.5833420e-03   9.1352022e-01   1.9454022e-01   1.0952674e+00  -9.4662791e-01
   1.3681134e+00  -4.2852806e-03  -9.0875275e-02  -1.4346647e-01   9.2931515e-01   2.0056421e-01  -1.0636187e+00   2.5351372e-01  -9.7013324e-02   1.5901539e-01   1.3569158e+00   5.7909382e-03   8.4464937e-01   4.2100373e-01   1.0144244e+00  -4.5201257e-01
   9.2611563e-01   1.3949041e-02   2.6339379e-01   4.1643340e-02   1.2224627e+00  -8.9896816e-01  -7.0461464e-01   5.2150220e-01   1.9179840e-01   3.1777628e-02   1.0012059e+00   5.3161811e-02   1.2494234e+00   6.4866006e-02   6.5536737e-01   9.8091364e-01
   1.3987203e+00  -1.8256991e-03  -3.4513928e-02  -5.8063422e-03   9.2638123e-01  -3.6595035e-01  -9.8341376e-01   2.8835571e-01  -6.1742790e-02   2.8256522e-04   1.3777096e+00  -8.7417653e-03   9.4311428e-01   3.8125694e-01   9.8547059e-01   3.0340487e-01
   1.4042490e+00   2.2538432e-03   1.4630765e-02   7.7000268e-02   3.3001542e-01   1.0114206e+00  -8.8176322e-01   3.3548266e-01   7.7552050e-03  -8.3011538e-02   1.4057821e+00   5.4698498e-03   1.0029082e+00   3.0672064e-01   3.2558772e-01  -9.0049171e-01
   1.6691467e+00   2.5758384e-02  -1.2074555e-01  -1.0489954e-01   2.6878420e-01   2.2772324e-01  -9.7246134e-01   3.4339243e-01  -1.1836782e-01   1.0686824e-01   1.6612206e+00  -2.9290549e-02   8.9808631e-01   3.1851035e-01   3.7793577e-01  -4.0399727e-01
   1.3694763e+00   1.4205902e-02   6.4836487e-02  -7.6428424e-03   3.6225381e-01  -9.6442991e-01  -9.6121967e-01   3.6711591e-01   4.5767516e-02   3.0236626e-02   1.4073695e+00   6.7164348e-03   9.6524036e-01   3.0266470e-01   2.8142387e-01   9.5590943e-01
   1.6782098e+00  -1.2925652e-02   9.7611308e-02  -5.1817358e-02   3.8342679e-01  -3.1866965e-01  -9.0436500e-01   3.2371145e-01   1.0100039e-01   1.6455444e-02   1.6581520e+00   2.9667206e-03   9.8013872e-01   3.0857471e-01   2.7605906e-01   3.2856122e-01
   5.5578625e-01   6.7917486e-03   4.4839017e-02  -3.2307249e-03  -8.9648658e-01   9.2124993e-01  -9.9837571e-01  -1.0197502e+00   2.3043433e-02   3.3774802e-03   5.4391092e-01  -6.5396857e-03   9.2258918e-01  -9.0090245e-01  -1.0267146e+00  -9.9329585e-01
   9.7296000e-01  -3.0806988e-02  -6.2594645e-02  -9.3944304e-02  -1.1697005e+00   2.8539559e-01  -9.1875225e-01  -8.6365533e-01  -4.8718948e-02   1.2419142e-01   1.0082989e+00   3.6156710e-02   9.7940081e-01  -1.1047716e+00  -8.1945974e-01  -3.3610880e-01
   5.5256754e-01   1.0951962e-02   7.2447024e-04  -5.3657731e-03  -9.6639872e-01  -9.7843039e-01  -9.5251119e-01  -9.4656748e-01   8.0578038e-03   1.2790828e-02   5.6796050e-01   1.5819915e-02   9.5460653e-01  -9.9029970e-01  -9.4561750e-01   9.4381267e-01
   1.0459919e+00  -3.4730395e-03   1.0426419e-01   4.1164127e-03  -8.0478817e-01  -3.6507908e-01  -1.0859538e+00  -9.6681851e-01   1.0832655e-01  -5.2533887e-02   9.8578167e-01  -3.8752742e-02   8.8955796e-01  -9.5551020e-01  -1.1159283e+00   2.5025830e-01
   9.9825191e-01   1.3666504e-02  -2.5736341e-01  -4.2924169e-02  -5.1168573e-01   1.1743137e+00  -8.8092786e-01  -7.1997142e-01  -2.2910380e-01   4.4072713e-03   9.8413390e-01  -1.0588335e-02   9.5924246e-01  -1.2231945e+00  -9.3878448e-02  -7.4410808e-01
   1.3621907e+00   1.2961583e-02   3.6096971e-02  -2.9329481e-02  -3.0924225e-01   2.8850386e-01  -9.8774147e-01  -9.9378425e-01   6.7367457e-02   3.5605922e-02   1.3985546e+00  -3.7816349e-02   9.3711042e-01  -9.4584060e-01  -3.5880861e-01  -3.6779800e-01
   9.8705316e-01   1.4866067e-02  -2.1071216e-01   1.1892932e-02  -4.3167996e-01  -7.0199174e-01  -9.8403543e-01  -1.1547717e+00  -1.6219974e-01  -5.8319941e-02   1.0132776e+00   1.1543432e-01   9.0723747e-01  -7.4595672e-01  -1.7565976e-01   1.2328202e+00
   1.4152521e+00   1.7390126e-02   5.6814514e-02   1.3782975e-01  -1.7621964e-01  -2.4998301e-01  -9.9800414e-01  -9.4073218e-01   6.7011006e-02  -1.7211434e-01   1.3896002e+00  -1.0859006e-02   8.9698517e-01  -9.3289429e-01  -4.3962666e-01   4.0820870e-01
   5.4714572e-01   6.8560103e-04  -1.8480582e-02  -5.8367858e-03   1.0056301e+00   9.6375650e-01  -9.2517102e-01  -9.5089185e-01  -1.4080268e-03  -1.5908595e-02   5.4497194e-01  -4.1081867e-04   9.8772460e-01  -9.6227175e-01   9.4141543e-01  -9.5651495e-01
   1.0256174e+00  -2.7293407e-03   2.1504875e-02   1.6938979e-02   1.0608844e+00   2.4645905e-01  -8.7348711e-01  -9.9907690e-01   8.2186684e-02  -1.2510210e-02   9.7999978e-01  -6.3354359e-03   1.0360514e+00  -9.6103412e-01   9.4320190e-01  -3.8213965e-01
   5.7700968e-01  -1.6997593e-02  -2.7463896e-02  -1.0122379e-02   8.8305134e-01  -8.6424589e-01  -1.0444617e+00  -1.0238717e+00  -3.1203909e-02   7.7619646e-03   5.5102694e-01   8.6566893e-04   8.6653692e-01  -8.8645393e-01   1.0443913e+00   1.0333900e+00
   1.0078568e+00  -8.3686449e-03   3.8159151e-02   1.5308358e-01   1.1350250e+00  -1.9729178e-01  -1.0072021e+00  -7.8587645e-01  -4.6481388e-03  -1.5965296e-01   9.9595624e-01   1.7946282e-02   9.1255379e-01  -1.1488333e+00   7.9805690e-01   4.3905711e-01
   9.5661134e-01  -1.2850827e-04   7.8658052e-02   4.5569539e-03   2.9041934e-01   8.6082584e-01  -1.0644772e+00  -1.0584002e+00   3.5079416e-02   5.7652354e-02   9.9232882e-01   1.9401874e-02   9.1867918e-01  -9.0104717e-01   3.2397211e-01  -1.1178271e+00
   1.3898253e+00  -4.4103386e-03   5.7211444e-02   5.1276822e-02   3.8264731e-01   3.2508194e-01  -9.6277338e-01  -9.3991172e-01   4.8836458e-02  -3.6276840e-02   1.4129057e+00   1.3982003e-02   9.5745528e-01  -9.4906878e-01   2.8192550e-01  -3.2072809e-01
   9.1760397e-01   3.9794996e-02   2.8872630e-01  -7.5666077e-02   4.9461848e-01  -1.2875724e+00  -8.5143107e-01  -6.6325438e-01   2.3379257e-01   9.1028057e-02   9.3359786e-01  -3.8757954e-02   1.0917070e+00  -1.2250838e+00   5.2843306e-02   6.0704243e-01
   1.3707539e+00   4.2474894e-03   2.8653348e-02  -2.0171352e-01   1.8120472e-01  -4.5997539e-01  -8.7488902e-01  -1.0342449e+00  -1.6251743e-02   2.3528664e-01   1.3622478e+00   1.2281622e-02   9.8333496e-01  -9.1982514e-01   4.8844865e-01   1.9208908e-01
   9.6282446e-01   3.4605678e-02  -1.3604817e-02   2.6640514e-01  -9.1340709e-01   1.2020797e+00  -7.0511466e-01  -4.7341320e-01  -3.0914890e-02  -2.0963383e-01   9.9052900e-01  -2.1923143e-02   1.2274543e+00  -1.5204050e-01  -9.7093576e-01  -7.0780838e-01
   1.3878095e+00  -1.0350112e-02  -1.0081506e-01  -7.7811800e-02  -1.0499927e+00   2.8053620e-01  -9.0188229e-01  -2.5116092e-01  -1.1997475e-01   1.1553935e-01   1.3673048e+00  -2.6399622e-02   1.0088359e+00  -4.0642413e-01  -8.7472016e-01  -3.9239162e-01
   9.9965894e-01   3.6009118e-02  -2.4235725e-01  -4.1836772e-02  -1.1958175e+00  -9.4129556e-01  -6.4334035e-01  -4.5715946e-01  -2.2840863e-01   7.1918674e-02   9.8497486e-01  -2.4749983e-02   1.2659985e+00  -1.7519484e-01  -6.5458947e-01   9.5390564e-01
   1.3952945e+00   1.6785879e-02   1.3291726e-01   5.8857914e-02  -8.5299301e-01  -3.3012885e-01  -1.0402778e+00  -3.3612430e-01   1.3546443e-01  -6.3180849e-02   1.3896741e+00   1.2047520e-02   8.5109127e-01  -3.3701390e-01  -1.0462244e+00   3.3733973e-01
   1.3565998e+00   1.6501004e-02  -1.1194938e-01  -2.6357374e-01  -4.4827747e-01   8.0589712e-01  -1.0894554e+00  -2.0006201e-01  -9.9154457e-02   2.2734682e-01   1.3817788e+00  -1.1564541e-02   7.7522629e-01  -4.3041819e-01  -2.0817506e-01  -1.0951998e+00
   1.6630231e+00   2.4652263e-02   3.8490217e-02  -4.9261343e-02  -2.9889825e-01   3.0624679e-01  -9.6098197e-01  -3.5103408e-01   5.3907920e-02   6.0539465e-02   1.6773188e+00  -2.6979713e-02   9.1664749e-01  -3.2688895e-01  -3.3969712e-01  -3.4177384e-01
   1.3740432e+00   1.5711611e-03  -2.1165328e-02  -2.2249100e-01  -3.6801797e-01  -1.0815921e+00  -8.2225633e-01  -2.8402162e-01  -1.0289106e-02   1.9992097e-01   1.4037197e+00   1.0178690e-02   1.0896064e+00  -3.3406934e-01  -2.6599470e-01   7.8727090e-01
   1.6795772e+00   3.1614373e-03  -8.7900750e-02   3.0242926e-03  -3.5428068e-01  -2.9630920e-01  -9.1921711e-01  -3.3615580e-01  -7.3611997e-02  -8.8177342e-03   1.6779555e+00   9.5496012e-05   9.4368446e-01  -3.1693497e-01  -2.7097550e-01   3.3845648e-01
   9.9785960e-01  -2.9161558e-03   3.4068521e-02   3.2190952e-02   1.0176916e+00   1.1128296e+00  -8.1803846e-01  -2.4248333e-01   2.3704693e-05  -1.1295492e-01   1.0126491e+00   1.2658021e-02   1.1108302e+00  -3.7070432e-01   9.0256631e-01  -8.8069981e-01
   1.4003987e+00   9.0805218e-03   2.3596413e-02   8.8230185e-02   9.5813423e-01   4.0111342e-01  -9.4023454e-01  -2.5981754e-01   1.9706318e-02  -8.8174850e-02   1.3852243e+00  -5.5284384e-03   9.7646064e-01  -3.9493313e-01   9.4243866e-01  -2.7444813e-01
   9.5391613e-01   5.1212389e-02  -2.6281774e-01  -1.2028721e-01   6.7761409e-01  -1.0113442e+00  -1.0765111e+00  -6.0251510e-01  -2.2055124e-01   7.2822139e-02   9.9437094e-01  -2.5330966e-02   8.1063366e-01   3.6121476e-02   1.2369839e+00   8.7640053e-01
   1.3699353e+00   3.8267665e-03   5.9381025e-03   5.3059001e-02   9.6344846e-01  -3.1006759e-01  -1.0022500e+00  -3.0254343e-01   8.5979253e-03  -4.9431294e-02   1.4070060e+00   7.2091538e-03   9.2833894e-01  -3.7948674e-01   9.3998986e-01   3.5827339e-01
   1.3813515e+00  -2.0580860e-02   1.6705038e-01   3.7474412e-02   4.1426241e-01   9.2417264e-01  -9.1600990e-01  -4.4424304e-01   1.2060744e-01  -5.1749516e-02   1.3939942e+00  -5.2353092e-03   1.0172625e+00  -2.1274132e-01   2.0965360e-01  -9.5681345e-01
   1.6782143e+00   1.9881936e-02  -8.2098739e-03   6.2911823e-02   3.1162056e-01   3.5550943e-01  -9.2916673e-01  -3.0386031e-01  -5.9566596e-03  -3.5086565e-02   1.6717311e+00  -6.6047469e-03   9.4594193e-01  -3.3225712e-01   3.3009443e-01  -2.9973549e-01
   1.3960415e+00   4.4453945e-03  -6.3454998e-03   8.5379183e-02   3.5115591e-01  -8.7207526e-01  -1.0185932e+00  -3.4980008e-01  -2.9080531e-02  -7.1530774e-02   1.3788402e+00  -1.6886562e-02   9.1783631e-01  -3.5114697e-01   3.2733229e-01   1.0097911e+00
   1.6705927e+00  -2.3488235e-03  -5.2201238e-02  -6.7343451e-02   2.7921897e-01  -3.4669682e-01  -9.4664335e-01  -3.2796219e-01  -5.7453830e-02   7.5498581e-02   1.6926085e+00   2.5004413e-02   9.0391695e-01  -2.9689029e-01   3.5879803e-01   3.0249736e-01
   9.7167534e-01   1.3651190e-02   6.3872621e-03  -2.5781140e-01  -7.2177440e-01   8.8813186e-01  -4.7603500e-01   1.2053244e+00  -2.9834332e-02   2.2460565e-01   9.8076296e-01  -4.4683553e-02   9.9933013e-02   7.3638123e-01  -1.1663848e+00  -1.0354091e+00
   1.3961052e+00   1.6222602e-02   1.1802975e-01   1.7117436e-01  -1.0257196e+00   3.9846647e-01  -3.3799559e-01   8.2600135e-01   8.5405998e-02  -1.7750527e-01   1.3773903e+00  -9.0589784e-03   3.0283871e-01   1.0801914e+00  -8.6124980e-01  -2.5226188e-01
   1.0169173e+00   3.1046230e-02   2.1143936e-01  -2.3249445e-02  -8.6713684e-01  -8.1827837e-01  -4.2140079e-01   1.1491668e+00   1.6306703e-01   1.3546200e-02   1.0455750e+00  -1.5886866e-02   1.7736378e-01   7.2067940e-01  -1.0353283e+00   1.1211622e+00
   1.3712375e+00   5.9929304e-03  -2.2776853e-01  -2.7361581e-02  -9.6025980e-01  -4.8444998e-01  -1.8052919e-01   9.3683672e-01  -2.0800401e-01   6.0529217e-02   1.3894248e+00  -2.4342295e-02   4.6838796e-01   9.5268768e-01  -9.3124336e-01   1.6661900e-01
   1.3946879e+00   3.9051492e-03  -5.1035926e-02   4.6335083e-02  -3.6831331e-01   9.1361648e-01  -2.9061785e-01   9.9763232e-01  -4.2700462e-02  -4.8946783e-02   1.3966893e+00  -1.1482134e-02   3.5989389e-01   9.0106684e-01  -2.6670152e-01  -1.0160382e+00
   1.6759355e+00   1.0101617e-02   3.3106171e-03  -2.4305407e-03  -3.1175867e-01   3.2104227e-01  -3.2846406e-01   9.3966562e-01  -1.4740261e-02   2.0289946e-02   1.6940179e+00  -1.0089768e-02   3.2635629e-01   8.9475280e-01  -3.2538819e-01  -3.4147453e-01
   1.3563179e+00  -1.1749360e-02  -1.2408279e-01  -2.5126827e-01  -1.4838520e-01  -1.1233194e+00  -1.4164692e-01   8.8193142e-01  -1.4538206e-01   3.1470066e-01   1.3419096e+00  -1.0419276e-02   5.2349174e-01   1.0037891e+00  -4.5800060e-01   7.6654881e-01
   1.6648656e+00   1.0554367e-02  -1.0527967e-01  -1.9191954e-02  -3.3493078e-01  -3.7948298e-01  -3.1652680e-01   9.2751473e-01  -8.9736857e-02   5.7542399e-02   1.6716306e+00  -2.1431714e-02   3.4156239e-01   9.4709575e-01  -3.2904524e-01   2.6814502e-01
   9.8632365e-01   6.4929411e-02  -8.7362483e-02   2.8548253e-01   6.1387765e-01   9.3736774e-01  -8.2642809e-02   1.2928585e+00  -1.7155162e-03  -3.3130950e-01   9.4892949e-01  -1.7976014e-02   4.9504781e-01   5.7650185e-01   1.2525703e+00  -9.1819495e-01
   1.3791167e+00   1.5602579e-02  -1.2345751e-01  -2.3382029e-01   1.0658189e+00   1.7912653e-01  -4.5517105e-01   8.0786324e-01  -9.6399002e-02   2.3119602e-01   1.3781623e+00  -1.1046946e-02   1.9506398e-01   1.0628413e+00   8.0824465e-01  -4.6568450e-01
   1.0145068e+00   2.6269196e-02   3.9766025e-02  -3.8164113e-02   1.0344526e+00  -9.2833835e-01  -2.3503557e-01   9.8989999e-01   4.6945784e-02   5.7904191e-02   1.0233551e+00   1.5987400e-03   3.9888275e-01   9.4169170e-01   9.3352461e-01   1.0148038e+00
   1.4278567e+00  -5.1991041e-03   3.8793914e-02   4.3746322e-02   9.1759646e-01  -2.7231523e-01  -2.8168556e-01   9.8096597e-01   6.2671907e-02  -6.2318996e-02   1.3668640e+00   2.3941834e-02   3.6531156e-01   9.2185366e-01   1.0035280e+00   3.6464012e-01
   1.3638020e+00  -9.1120377e-03   1.3755974e-01  -1.3615958e-01   4.3303910e-01   1.0146188e+00  -4.1185543e-01   8.4610891e-01   1.2150792e-01   1.2537318e-01   1.3692846e+00  -2.2392202e-02   2.6985592e-01   1.0796866e+00   2.1172543e-01  -9.0039003e-01
   1.6580975e+00   3.5184154e-03  -1.2660535e-01   6.5183230e-03   2.9240495e-01   2.4109517e-01  -3.6033666e-01   9.8038685e-01  -1.2173194e-01  -1.1670544e-02   1.6718146e+00   1.7241249e-02   2.9712147e-01   9.0662432e-01   3.6217812e-01  -3.8517773e-01
   1.3942115e+00   8.8359276e-03   2.0060043e-01   1.9955328e-01   2.3835537e-01  -7.6961058e-01  -3.9701492e-01   1.0813414e+00   1.9437003e-01  -1.8310419e-01   1.3603046e+00  -1.1285950e-02   2.4149658e-01   8.2746327e-01   3.8653091e-01   1.0889057e+00
   1.6910843e+00  -8.8707404e-03  -1.0010419e-02  -4.4859141e-02   3.4860343e-01  -3.1559396e-01  -3.2991454e-01   8.9893001e-01   4.3380200e-03   2.3199428e-02   1.6783708e+00  -2.9027019e-02   3.4099182e-01   9.4033098e-01   2.9008910e-01   3.1148490e-01
   1.3955200e+00  -2.1762637e-02  -5.7600092e-02   9.7910292e-02  -1.0065459e+00   9.5255357e-01  -2.2388671e-01   2.6177755e-01  -6.7528680e-02  -1.2468964e-01   1.3919880e+00   1.2398991e-02   4.6348509e-01   3.9233696e-01  -9.0588868e-01  -9.2343181e-01
   1.6729760e+00  -7.4136299e-03   2.3287617e-02  -6.6073544e-02  -9.2035466e-01   3.2325408e-01  -3.5954955e-01   3.3965662e-01   2.2332575e-02   5.2984506e-02   1.6832818e+00   1.6776819e-02   2.9039517e-01   2.9199639e-01  -9.4072002e-01  -3.2928684e-01
   1.3879510e+00  -1.3122188e-02  -7.4062906e-02  -7.0906207e-02  -9.6822006e-01  -9.7930527e-01  -2.4334887e-01   3.2741305e-01  -8.7210663e-02   5.0871424e-02   1.4083786e+00   9.6522616e-03   4.1442287e-01   3.3516538e-01  -9.2483485e-01   9.3101066e-01
   1.6678792e+00   2.6337568e-02   6.8399906e-02  -4.3247459e-03  -9.3600595e-01  -3.0711168e-01  -3.4208223e-01   3.5403779e-01   4.6568628e-02  -7.6294462e-03   1.6987730e+00   2.3182182e-02   2.8171298e-01   3.1328478e-01  -9.1642916e-01   3.0668169e-01
   1.6731516e+00   2.8900523e-03  -2.6018493e-04   1.2905380e-01  -3.5219404e-01   9.4559836e-01  -2.7153635e-01   3.0326858e-01   3.1235293e-02  -1.3501626e-01   1.6859913e+00  -3.7665928e-03   3.6978433e-01   3.3096015e-01  -2.9533556e-01  -8.9705950e-01
   1.8984989e+00  -1.5815319e-02   8.2769319e-03   5.5030476e-02  -3.2024273e-01   3.2508460e-01  -3.1535211e-01   2.9098579e-01   1.8163240e-02  -6.5901615e-02   1.9032025e+00   5.4873899e-04   2.9511192e-01   2.9973480e-01  -3.0855700e-01  -3.1781647e-01
   1.6820676e+00  -4.8505594e-03   5.6044911e-03  -2.3635818e-02  -3.3063099e-01  -9.1399336e-01  -3.3207420e-01   3.3920592e-01   5.2998173e-03   2.2186788e-02   1.6787649e+00  -6.9690339e-04   3.0640385e-01   3.2790142e-01  -3.2708716e-01   9.3425834e-01
   1.8892522e+00   4.0641312e-02  -3.4894697e-02  -8.7323055e-02  -3.2105717e-01  -3.4298462e-01  -3.0782220e-01   3.2366771e-01  -5.5299825e-03   7.6278128e-02   1.9030663e+00   4.7506280e-02   3.1194985e-01   2.9804379e-01  -3.2160300e-01   2.8401053e-01
   1.3859597e+00   3.7699427e-02   3.7056770e-02   1.2572648e-01   9.3983138e-01   1.0013219e+00  -2.0405880e-01   3.6461678e-01   1.1360867e-01  -1.2803926e-01   1.3591560e+00  -9.6442588e-03   4.4296476e-01   2.9872561e-01   9.8663783e-01  -9.2972666e-01
   1.6775846e+00   1.0168287e-02  -1.8368375e-02   1.0738334e-02   9.0419739e-01   3.5961938e-01  -3.3651149e-01   3.5357323e-01  -2.9763602e-02  -2.9990014e-02   1.6807243e+00  -1.6305845e-02   3.0847412e-01   2.7427542e-01   9.5309091e-01  -3.0716315e-01
   1.4055580e+00  -1.4450449e-02   1.9220009e-02   7.5693056e-02   9.3275619e-01  -9.3618923e-01  -3.7816834e-01   3.5861316e-01   2.5818620e-02  -6.6816002e-02   1.4084547e+00   8.6992793e-03   2.7629185e-01   2.7761534e-01   9.6106815e-01   9.6643126e-01
   1.6644737e+00  -1.4735659e-02  -4.3520510e-02   8.6131871e-02   9.3877351e-01  -3.2053813e-01  -3.5707712e-01   3.2932246e-01  -3.4281440e-02  -6.4434737e-02   1.6780360e+00  -1.0566807e-02   3.1392002e-01   2.9694468e-01   9.3464649e-01   3.4419534e-01
   1.6779797e+00   1.2697306e-02   3.2530677e-02  -6.9718033e-02   3.2747474e-01   9.2828369e-01  -3.4757814e-01   2.9756144e-01   4.7683358e-02   5.2932676e-02   1.6602868e+00   1.6191408e-02   3.0693138e-01   3.4239280e-01   3.2343921e-01  -9.6023816e-01
   1.8967390e+00   3.2831520e-02  -3.9302856e-02  -6.3740183e-03   3.0501696e-01   3.1523314e-01  -3.1217372e-01   3.3144799e-01  -3.7188485e-02   1.6376771e-02   1.9047353e+00   6.7435883e-02   2.9520938e-01   3.0920118e-01   3.1096923e-01  -2.9381797e-01
   1.6666578e+00   1.2376393e-02   2.4616420e-02  -5.9772056e-02   3.3624434e-01  -9.6352619e-01  -2.8489536e-01   3.0872571e-01   3.1907286e-02   5.0670091e-02   1.6855415e+00   1.0852593e-02   3.5746223e-01   3.2863206e-01   3.2015425e-01   9.0386325e-01
   1.9064144e+00   7.5775012e-04  -8.2646729e-03   1.2232193e-02   2.9082206e-01  -2.9392153e-01  -3.2493192e-01   2.9802251e-01  -2.2272510e-02  -1.1606169e-02   1.8959656e+00   2.8040835e-03   3.0377626e-01   3.3628556e-01   3.2542440e-01   3.0562624e-01
   1.0092305e+00  -5.4996427e-02   2.0652778e-02   1.1642744e-01  -8.1615704e-01   9.4407636e-01  -1.9153014e-01  -1.1706285e+00  -3.9106071e-02  -1.4064614e-01   1.0217477e+00  -1.4326213e-02   4.0146437e-01  -7.6374871e-01  -1.1252567e+00  -9.6115929e-01
   1.3782507e+00   5.8237859e-04   1.2828316e-01   2.1195356e-02  -9.1403633e-01   2.6458904e-01  -4.1425690e-01  -1.0032150e+00   1.3046473e-01  -4.3278079e-02   1.3963987e+00   3.4944355e-02   2.2019684e-01  -8.8042492e-01  -1.0166303e+00  -4.1567257e-01
   1.0226493e+00  -4.5814589e-03  -1.1312778e-02   1.4468996e-01  -8.2319325e-01  -8.7586790e-01  -4.0177786e-01  -1.1519060e+00  -6.2178962e-02  -8.9922726e-02   1.0231156e+00   1.4754912e-03   2.1848299e-01  -7.7918744e-01  -1.1222932e+00   1.0133458e+00
   1.4039760e+00   2.5920931e-03  -1.9398389e-02  -1.5258957e-01  -1.0419310e+00  -3.3601892e-01  -2.5948593e-01  -8.5983896e-01  -3.1980474e-02   1.3614117e-01   1.3989928e+00  -4.7677294e-03   3.6626619e-01  -1.0348610e+00  -8.5104322e-01   3.0639192e-01
   1.3538280e+00  -5.5310987e-03   2.4592058e-01   1.8072446e-01  -8.1096627e-02   8.1192923e-01  -1.9146137e-01  -1.1711183e+00   2.4104826e-01  -2.2144192e-01   1.3382578e+00  -3.7119007e-03   4.0559319e-01  -7.5757468e-01  -5.0545996e-01  -1.0526141e+00
   1.6711043e+00  -3.4827881e-03  -7.0913628e-02  -2.0790907e-02  -3.4458560e-01   3.7943336e-01  -3.0625141e-01  -9.1947711e-01  -5.0194614e-02  -1.4241631e-02   1.6614254e+00   1.0973642e-02   3.5071713e-01  -9.7204405e-01  -2.9907915e-01  -2.8196156e-01
   1.3675357e+00  -1.4174110e-02   1.5496249e-01   2.3968616e-01  -1.6462398e-01  -1.0062835e+00  -5.0027311e-01  -8.7074775e-01   1.7113133e-01  -2.2678164e-01   1.3903911e+00   3.0178763e-02   1.2144705e-01  -9.8755008e-01  -4.9201426e-01   8.6781555e-01
   1.6629335e+00  -1.7903749e-02  -1.0996577e-01   3.2889437e-02  -3.2233348e-01  -2.6325974e-01  -3.0568588e-01  -9.7699016e-01  -1.2772617e-01  -3.3778448e-02   1.6834768e+00   3.0315672e-03   3.4795284e-01  -8.8673592e-01  -3.0477768e-01   3.8494214e-01
   9.8763669e-01  -1.5315546e-02   1.3742585e-01  -1.6965277e-01   8.0287749e-01   7.9038751e-01  -3.0955410e-01  -1.2694577e+00   1.7825790e-01   1.2327479e-01   1.0218388e+00   1.5788943e-02   2.4246627e-01  -6.6139972e-01   1.0785458e+00  -1.1176416e+00
   1.3785324e+00  -1.4392444e-03  -5.5799601e-03  -1.7134440e-01   8.5584009e-01   2.9069340e-01  -3.5915309e-01  -1.0603305e+00   1.8999457e-02   1.5425253e-01   1.3896532e+00  -4.2643612e-03   2.6450717e-01  -8.6733854e-01   1.0492973e+00  -3.4846267e-01
   1.0216012e+00  -1.9283481e-02   4.7508232e-02  -1.6431326e-02   1.0024281e+00  -1.0520908e+00  -2.1707521e-01  -8.9137709e-01   1.2780027e-01   3.8146134e-03   1.0150179e+00  -1.3515502e-02   4.0035528e-01  -1.0200891e+00   9.5614195e-01   9.1549700e-01
   1.4033464e+00  -1.1628417e-02  -9.8503046e-02   2.4891213e-02   9.3483102e-01  -2.6366869e-01  -3.8456193e-01  -9.6376508e-01  -9.5907882e-02  -1.9439146e-02   1.4054776e+00  -4.0555689e-03   2.6793674e-01  -9.4364238e-01   9.4703811e-01   3.9485213e-01
   1.3682963e+00  -1.6757498e-02  -2.5986627e-01   3.0888932e-02   2.7416819e-01   1.1287011e+00  -3.7471664e-01  -7.5462139e-01  -2.4162440e-01  -9.5929941e-03   1.3528279e+00   7.8903697e-03   2.9893246e-01  -1.1581413e+00   3.7141484e-01  -7.3669499e-01
   1.6722710e+00  -1.1062394e-02  -5.4366801e-02  -2.2760138e-02   2.8205287e-01   3.4681323e-01  -3.3480325e-01  -9.4233090e-01  -4.1371219e-02   3.9764646e-02   1.6821977e+00  -2.8692253e-03   3.1826574e-01  -9.1869712e-01   3.5518882e-01  -3.0895489e-01
   1.3858236e+00   3.5629843e-03  -1.4168173e-01   3.3444773e-02   3.3963507e-01  -8.5371339e-01  -3.8788149e-01  -1.0313376e+00  -1.4556116e-01  -9.7213257e-03   1.3607631e+00   3.8825382e-02   2.6040763e-01  -8.9596796e-01   3.1287834e-01   1.0756720e+00
   1.6678306e+00   3.0800838e-03   6.1979923e-02   1.7562278e-01   4.2805368e-01  -3.3908182e-01  -3.4752873e-01  -8.7445068e-01   7.4075118e-02  -1.2883160e-01   1.6576300e+00   4.5468709e-03   2.9582804e-01  -9.9219328e-01   2.4912587e-01   3.1005219e-01
   1.4066672e+00   2.6859304e-02   5.8768556e-02  -3.0388149e-02  -9.2784780e-01   9.3361628e-01  -3.9953274e-01  -3.5216770e-01   3.8253553e-02   2.5490548e-02   1.3921373e+00  -1.0358066e-02   2.7001634e-01  -3.1251177e-01  -9.3880504e-01  -1.0038956e+00
   1.6706851e+00  -1.2605970e-02   2.0222554e-03   8.2801498e-02  -9.2312014e-01   3.5980499e-01  -2.8922051e-01  -3.6950293e-01  -1.3766360e-02  -1.0022898e-01   1.6742593e+00  -5.7216007e-03   3.7127286e-01  -2.9748690e-01  -9.3053383e-01  -3.0717036e-01
   1.3839266e+00   1.4112306e-02   1.5801205e-01  -1.2929246e-01  -9.5658636e-01  -1.0036986e+00  -3.2262704e-01  -1.2769990e-01   1.6354617e-01   1.4347519e-01   1.3905979e+00   6.0389854e-02   3.2131499e-01  -5.1319033e-01  -9.4004458e-01   8.7462342e-01
   1.6690569e+00   6.8826368e-03  -4.9850333e-02   6.3508660e-02  -9.4556040e-01  -3.0199394e-01  -3.1631777e-01  -3.4977418e-01  -6.8506837e-02  -4.4856653e-02   1.6846853e+00   7.7159130e-03   3.4007132e-01  -2.7206922e-01  -9.2240787e-01   3.3847269e-01
   1.6573421e+00   2.5907703e-02  -5.0938796e-02   9.7635463e-02  -3.0783144e-01   9.8275030e-01  -2.4932602e-01  -3.4307000e-01  -3.4146354e-02  -1.1155962e-01   1.6781336e+00   7.9651903e-03   3.8998732e-01  -3.1881401e-01  -3.2746735e-01  -8.9956975e-01
   1.9015315e+00  -5.4415143e-03  -6.3636765e-02  -3.0228755e-02  -3.0486587e-01   3.2174206e-01  -3.0623576e-01  -2.9823351e-01  -6.0340248e-02   3.3042427e-02   1.9011413e+00   2.5061755e-02   3.1270298e-01  -3.0317366e-01  -3.0268499e-01  -3.1461883e-01
   1.6768004e+00  -1.2953260e-02   5.1791511e-02  -6.2171794e-02  -3.2466322e-01  -9.5350021e-01  -2.7562681e-01  -3.0180371e-01   7.1908943e-02   5.3228002e-02   1.6695850e+00   5.9310451e-02   3.6084887e-01  -3.4033582e-01  -3.1748316e-01   9.2419052e-01
   1.8935875e+00   6.9514439e-02   6.5264829e-02  -3.5168822e-03  -3.0898312e-01  -3.3585000e-01  -3.1212977e-01  -3.1548622e-01   9.3348116e-02   1.7420284e-02   1.8991026e+00  -1.2522302e-02   2.9754129e-01  -3.3309367e-01  -3.1625354e-01   2.9109433e-01
   1.4190482e+00   1.6796084e-02  -3.2058213e-02  -2.4143648e-03   9.2508930e-01   9.5896494e-01  -3.4890908e-01  -2.9638582e-01  -3.0999929e-02  -2.1499663e-03   1.4126316e+00   3.5804521e-02   3.1073323e-01  -3.4210214e-01   9.3794167e-01  -9.5336312e-01
   1.6601993e+00   3.1950634e-02   1.2117089e-01  -7.6614417e-02   9.5166874e-01   2.9106939e-01  -2.8956279e-01  -3.8460878e-01   1.1396895e-01   5.8496285e-02   1.6830233e+00   6.9933692e-03   3.7294039e-01  -2.5527894e-01   9.1110849e-01  -3.4147155e-01
   1.3935682e+00  -5.3183036e-03   6.5678462e-02  -1.2426019e-01   9.4475299e-01  -9.8361582e-01  -1.9687544e-01  -3.7331951e-01   1.0692260e-01   1.3337472e-01   1.3755100e+00   1.9525724e-02   4.3512481e-01  -3.0130979e-01   9.8327929e-01   9.1181684e-01
   1.6730334e+00  -6.6426594e-04  -2.4999822e-02  -1.2902020e-01   9.0100825e-01  -3.5450518e-01  -3.1229097e-01  -3.8557932e-01  -2.8057486e-02   1.1233860e-01   1.6769265e+00   5.3303931e-03   3.2045236e-01  -2.6501176e-01   9.5327264e-01   3.0468363e-01
   1.6903604e+00  -1.0377963e-03  -3.9816475e-03   4.8727352e-02   3.0797109e-01   9.3755430e-01  -2.8981417e-01  -2.8713194e-01  -6.1101518e-03  -6.9597684e-02   1.6646980e+00   2.2625215e-02   3.5353294e-01  -3.5007599e-01   3.2842770e-01  -9.3165642e-01
   1.8965729e+00  -9.9323802e-03  -3.7532644e-03   7.4968651e-02   3.1971386e-01   3.2379171e-01  -3.3091888e-01  -2.8409991e-01  -2.6196010e-02  -8.2439780e-02   1.8955454e+00  -4.2785875e-02   3.2758653e-01  -3.2116717e-01   2.9432154e-01  -3.1703013e-01
   1.6619797e+00   2.2707747e-02  -1.7700242e-01  -9.1946013e-03   2.8945112e-01  -9.1770589e-01  -3.4862024e-01  -3.9798442e-01  -1.7484580e-01   2.1877494e-02   1.6646385e+00   1.1745054e-02   2.9060268e-01  -2.5037533e-01   3.5692605e-01   9.6086276e-01
   1.9054188e+00  -2.0165422e-03   5.9475582e-02   7.8701228e-02   3.2609555e-01  -2.8904766e-01  -2.9889446e-01  -2.8358230e-01   4.7955189e-02  -6.4298630e-02   1.9024420e+00   1.5849790e-02   2.8691578e-01  -3.2076085e-01   2.8997803e-01   3.2362664e-01
   5.6756121e-01  -2.3973823e-02  -6.8171150e-03  -3.1212557e-02  -8.4698963e-01   9.3012607e-01   9.9013144e-01   1.0551739e+00   6.3207229e-03   1.1655567e-02   5.7721198e-01   1.5685868e-02  -9.1573101e-01   8.4650832e-01  -1.0592077e+00  -9.9465781e-01
   1.0163698e+00  -3.0044052e-03  -1.7827523e-01   2.6132107e-02  -7.1917647e-01   9.8384418e-02   1.1977514e+00   9.8641562e-01  -2.5147629e-01  -3.8921464e-02   1.0314971e+00   2.4260405e-02  -7.3347378e-01   8.8161689e-01  -1.1420496e+00  -5.0115955e-01
   5.5228204e-01  -4.5340382e-03   1.3268532e-02  -6.8882294e-03  -9.9410456e-01  -9.7345835e-01   9.3217820e-01   9.4335538e-01   1.2042079e-02  -2.5367441e-02   5.6013101e-01  -1.2342063e-02  -9.8625845e-01   9.5138800e-01  -9.6469325e-01   9.3639451e-01
   9.7815603e-01   3.9688248e-02   3.8553607e-02   1.4335588e-01  -1.2263007e+00  -3.9905328e-01   8.4303772e-01   8.0363506e-01   1.3308883e-01  -1.4370829e-01   9.6710914e-01   6.0099806e-03  -1.0364163e+00   1.1576293e+00  -7.5562060e-01   2.0266414e-01
   9.5541114e-01  -8.6352285e-03   1.0007235e-01  -1.6615773e-02  -3.9117712e-01   1.0759523e+00   9.6723366e-01   9.1136736e-01   6.1877478e-02   1.0631096e-02   9.7639245e-01  -2.6590418e-02  -1.0327580e+00   1.0599964e+00  -2.4348979e-01  -8.9024705e-01
   1.3937745e+00  -1.7411944e-02   9.6013397e-02  -1.3658787e-01  -2.7514169e-01   4.7267252e-01   8.7386143e-01   9.8308593e-01   5.6438576e-02   1.5790102e-01   1.3703440e+00   1.6436296e-02  -1.0179526e+00   9.2704386e-01  -4.0916380e-01  -1.7525910e-01
   9.6342582e-01  -2.7812302e-02  -6.5965205e-02   4.8609953e-02  -2.7305874e-01  -1.1226156e+00   9.7530252e-01   8.8220233e-01  -1.0282420e-01  -1.5769744e-02   9.4809300e-01   9.9519836e-03  -1.0250275e+00   1.0806779e+00  -3.6223108e-01   8.6048925e-01
   1.3671792e+00   2.8423881e-03  -1.5227731e-01  -5.8962565e-02  -2.0543770e-01  -4.0349537e-01   1.0121003e+00   9.3530077e-01  -1.6866042e-01   4.7914062e-02   1.3982078e+00   3.4651723e-02  -8.9187998e-01   9.6887147e-01  -4.5653749e-01   2.6548868e-01
   5.4922998e-01  -5.2503980e-04   1.4277524e-02  -3.4502947e-03   9.3213713e-01   9.4404513e-01   9.9649346e-01   9.7212684e-01   2.8758926e-02  -2.4878222e-02   5.5880427e-01   1.5354217e-02  -9.3604451e-01   9.5529836e-01   9.8843318e-01  -9.5931321e-01
   1.0295309e+00   3.3602286e-02   1.4307773e-01   9.0240732e-02   7.1916693e-01   3.4230071e-01   1.1365076e+00   9.9211979e-01   1.1758492e-01  -9.5140412e-02   1.0242164e+00  -2.8824870e-02  -7.6859254e-01   8.7988997e-01   1.2212008e+00  -2.6645812e-01
   5.5991334e-01   3.1582169e-02   2.2630009e-03   1.8644979e-02   9.4846845e-01  -1.0461814e+00   8.8434607e-01   9.5341027e-01  -4.6640867e-03  -1.2140813e-02   5.5482030e-01   4.1496502e-03  -1.0263063e+00   9.4785774e-01   9.7657108e-01   8.8688123e-01
   9.5523757e-01  -4.3532349e-02  -1.1659981e-01  -4.0659666e-02   1.1579930e+00  -3.8213336e-01   8.4989047e-01   9.2794913e-01  -8.8319309e-02   6.5941073e-02   9.8473769e-01   3.9336100e-02  -1.0851774e+00   1.0620614e+00   8.1781149e-01   2.0541666e-01
   1.0105312e+00   9.5068878e-03  -6.9207698e-02  -5.6986645e-02   4.3060032e-01   9.8436832e-01   8.9632648e-01   1.0064296e+00  -6.6507101e-02   5.2465972e-02   1.0649353e+00   7.0517071e-02  -1.0105639e+00   9.3959463e-01   1.9509105e-01  -9.5479125e-01
   1.3772610e+00   8.8191703e-03   1.4523830e-01   1.4711714e-01   1.2329035e-01   3.2043114e-01   1.0344297e+00   9.3403196e-01   1.4473058e-01  -1.8221554e-01   1.3942133e+00   1.7679686e-02  -8.5075039e-01   9.4093335e-01   5.2570695e-01  -3.4089220e-01
   1.0739479e+00   7.4770292e-03   6.7928299e-02  -5.9625484e-02   2.7103049e-01  -8.0033267e-01   1.0302700e+00   1.0310018e+00   1.0333251e-01   5.3329825e-02   1.0160401e+00  -2.4515128e-02  -9.1193151e-01   9.0003151e-01   3.4465209e-01   1.0922815e+00
   1.4060490e+00  -9.0024183e-03  -1.0483754e-01   1.1038736e-01   3.1390572e-01  -4.5737422e-01   8.9505684e-01   9.4388264e-01  -8.9407302e-02  -1.0260112e-01   1.3779618e+00  -9.9215948e-04  -1.0485660e+00   9.1405624e-01   3.2704929e-01   2.0186438e-01
   9.6484149e-01   1.8193025e-02  -7.3441021e-02  -1.9669160e-01  -8.6056036e-01   1.1905056e+00   7.8154868e-01   5.0594699e-01  -1.6207885e-03   1.6367377e-01   9.9668789e-01  -6.9312118e-02  -1.1626461e+00   9.8495245e-02  -1.0175879e+00  -7.6031876e-01
   1.3604475e+00   7.2412784e-03   2.2960557e-02  -6.4612433e-02  -9.4765943e-01   4.2050704e-01   9.5360219e-01   4.0023285e-01   2.9057942e-02   4.6477560e-02   1.4006197e+00   1.7918125e-02  -9.9047977e-01   2.5005066e-01  -9.6503401e-01  -2.4509716e-01
   1.0077766e+00  -3.4903949e-03   3.7539355e-03  -8.1796698e-02  -8.8730109e-01  -9.3911016e-01   1.0958828e+00   3.2784003e-01  -3.2787323e-02   5.4841131e-02   1.0000855e+00   9.3891553e-04  -8.7577713e-01   3.0361164e-01  -1.0337074e+00   1.0334548e+00
   1.3888463e+00   9.5104426e-03  -2.1634417e-02  -3.6330170e-03  -9.1643584e-01  -3.1221589e-01   1.0054601e+00   3.4964368e-01  -3.4325756e-02  -4.4410229e-03   1.4023225e+00   3.4360867e-03  -9.2356819e-01   3.1312242e-01  -9.7811192e-01   3.5292378e-01
   1.3959410e+00   1.3740064e-02   5.3897616e-02  -1.4260895e-02  -3.6515871e-01   9.8807776e-01   9.2404234e-01   2.9079047e-01   4.1765831e-02  -4.1816544e-04   1.3946683e+00  -5.2794879e-03  -9.9374104e-01   3.6107615e-01  -2.9054785e-01  -9.2239463e-01
   1.6757730e+00   2.5675770e-02  -4.9818408e-02  -3.7096296e-02  -2.9933292e-01   3.0599552e-01   9.3627822e-01   3.5695592e-01  -5.3180434e-02   1.3152501e-02   1.6693330e+00   4.6250111e-04  -9.4865072e-01   3.0212256e-01  -3.4089917e-01  -3.2077658e-01
   1.3826163e+00  -3.3988096e-02  -9.9902846e-02   2.0028189e-01  -2.6324204e-01  -1.1179284e+00   8.2945573e-01   1.7339814e-01  -1.1437226e-01  -2.0690623e-01   1.3547505e+00   1.7671129e-02  -1.0780194e+00   4.3334863e-01  -3.5818845e-01   7.9387128e-01
   1.6747568e+00   3.1757765e-02   4.0368093e-03  -5.2111097e-02  -3.2508504e-01  -3.0983317e-01   9.4218969e-01   3.1945494e-01  -2.5047321e-02   4.7137599e-02   1.6890092e+00   1.1956021e-04  -9.0668297e-01   3.2810539e-01  -3.1216034e-01   3.4238490e-01
   1.0069284e+00  -2.7802249e-02  -1.6665347e-01  -1.5835268e-02   1.1160667e+00   9.4192845e-01   8.0943418e-01   4.1143665e-01  -1.3465375e-01   6.2117580e-02   1.0080056e+00  -3.1781681e-02  -1.1295779e+00   1.9203493e-01   8.3954567e-01  -9.7121781e-01
   1.4170157e+00  -7.7994233e-03  -1.2435183e-01  -2.7613886e-02   1.0158864e+00   3.0120060e-01   8.6010027e-01   3.3654231e-01  -1.3377032e-01   2.7996261e-02   1.3870417e+00   2.1858441e-03  -1.0345035e+00   3.2502431e-01   8.7521285e-01  -3.3999440e-01
   9.9344116e-01   2.6506221e-02  -6.0865395e-02   1.1860584e-01   1.0022982e+00  -1.0830553e+00   8.5615784e-01   2.8979853e-01  -5.9341431e-02  -8.9399569e-02   1.0085918e+00  -3.0968279e-02  -1.1043496e+00   3.2111111e-01   9.2032582e-01   8.9474559e-01
   1.3601016e+00  -5.7217614e-03  -1.4398625e-01  -1.1763848e-02   1.0899495e+00  -3.1700280e-01   8.7909561e-01   2.6063493e-01  -1.4293417e-01   5.8514833e-02   1.3788712e+00  -7.6934253e-03  -1.0442766e+00   3.8136980e-01   8.4755856e-01   3.4711474e-01
   1.3971082e+00  -1.2541098e-02   7.8636557e-02  -7.0120245e-02   2.5249687e-01   1.0023850e+00   9.5296317e-01   2.4527778e-01   9.8892398e-02   5.6683280e-02   1.3826257e+00   1.9901751e-03  -9.6294683e-01   4.1754010e-01   4.0059745e-01  -9.0181202e-01
   1.6701865e+00   8.3061755e-03   5.6224629e-02  -1.0310797e-01   3.0925220e-01   3.6726248e-01   9.3263507e-01   3.1030291e-01   5.3300023e-02   5.6292109e-02   1.6902310e+00  -1.0500883e-02  -9.1892648e-01   3.3625022e-01   3.2532576e-01  -2.7142665e-01
   1.3673472e+00   3.6148481e-02   2.5494921e-01  -9.9369340e-02   1.6463460e-01  -8.3083874e-01   1.0540463e+00   4.7515285e-01   2.5348023e-01   9.3229704e-02   1.3826497e+00  -1.7905561e-02  -8.0148894e-01   1.6942263e-01   4.7241661e-01   1.0586544e+00
   1.6581960e+00  -4.9819914e-03  -2.5140135e-02   1.3336006e-01   3.1118858e-01  -4.0576875e-01   9.2319596e-01   3.4375447e-01   5.8652391e-03  -1.3372746e-01   1.6761494e+00  -2.9767437e-03  -9.4965786e-01   3.1142578e-01   3.3987221e-01   2.4134701e-01
   5.5548102e-01   2.7117345e-02   4.8232011e-02   8.0197193e-03  -1.0247768e+00   8.2185596e-01   8.9000684e-01  -1.0819372e+00   5.0128393e-02  -2.3801124e-04   5.6050169e-01   1.6522193e-02  -1.0269601e+00  -8.1292671e-01  -8.9774793e-01  -1.0777770e+00
   9.9158520e-01  -2.3390448e-02   6.4436714e-03  -7.6055206e-02  -1.1456591e+00   3.9635390e-01   9.0842700e-01  -8.4588110e-01   8.6310379e-02   1.0685410e-01   9.5463294e-01   2.5296625e-02  -1.0260577e+00  -1.0748634e+00  -8.9759511e-01  -2.3529957e-01
   5.5944574e-01   1.9085370e-02  -1.6664784e-02  -3.1779520e-03  -1.0125655e+00  -9.1143966e-01   9.9385685e-01  -9.1793597e-01   3.6204555e-03   2.8517172e-02   5.8938420e-01  -3.8298334e-03  -9.1765946e-01  -9.8894250e-01  -9.0895855e-01   1.0027329e+00
   1.0335696e+00   1.2055726e-02  -6.9124311e-02   2.5145115e-02  -8.2414776e-01  -2.4800831e-01   1.0794328e+00  -1.0100869e+00  -1.4047776e-01  -3.1434696e-02   1.0482576e+00  -1.6948147e-02  -8.7576169e-01  -9.1712481e-01  -1.0580142e+00   3.9073846e-01
   9.6072441e-01   3.7632469e-02  -1.7426070e-02   9.0942509e-02  -1.6878371e-01   8.9597684e-01   1.1212831e+00  -9.8918140e-01  -1.2831929e-02  -1.4183292e-01   9.8728216e-01   1.9349437e-03  -8.4702319e-01  -9.9494648e-01  -4.5499584e-01  -1.0443186e+00
   1.3829505e+00   3.2795267e-03  -3.3044130e-02  -1.7752159e-02  -3.0580506e-01   3.5705924e-01   9.8828757e-01  -9.4250184e-01  -4.4952918e-02   6.3169738e-03   1.4104342e+00   3.7108429e-02  -9.3482900e-01  -9.6173131e-01  -3.5368830e-01  -2.8863290e-01
   9.6635401e-01  -1.2499592e-02   4.9844775e-02   6.1245613e-02  -3.1681985e-01  -1.0729922e+00   9.3284696e-01  -9.6844083e-01   6.7292713e-03  -7.9418197e-02   9.9028808e-01   2.0756295e-02  -1.0517273e+00  -1.0080703e+00  -2.9805437e-01   8.9519465e-01
   1.3911961e+00   2.8847706e-02   1.3765010e-01  -1.0477272e-01  -4.5231399e-01  -3.4029791e-01   9.4113111e-01  -9.0977901e-01   1.1133473e-01   5.8157783e-02   1.3763429e+00  -1.7943775e-02  -9.4953197e-01  -1.0231959e+00  -2.0938347e-01   3.1176707e-01
   5.5526465e-01   9.4574317e-03  -1.8098425e-02   5.6919403e-04   1.0005280e+00   9.5474970e-01   9.7199249e-01  -9.1317636e-01  -1.7078441e-02  -7.0474208e-03   5.6095254e-01   2.3070149e-02  -9.5977396e-01  -1.0017729e+00   8.9602995e-01  -9.7819954e-01
   9.8048109e-01   4.9021047e-02   1.1312955e-01  -2.1622062e-01   6.3144684e-01   3.3735842e-01   1.0429270e+00  -1.1732312e+00   1.2934351e-01   1.8638428e-01   9.6176749e-01  -7.0292547e-02  -8.5310912e-01  -7.2948778e-01   1.2993836e+00  -2.6504359e-01
   5.2839625e-01   9.4310837e-03  -2.7539201e-02  -3.2739448e-03   1.0611331e+00  -9.2444098e-01   8.4702098e-01  -1.0108906e+00  -3.3590592e-02  -6.8084234e-03   5.6830937e-01   1.7871587e-02  -1.0598652e+00  -9.0709722e-01   8.7081456e-01   9.8543024e-01
   9.7935408e-01  -3.6713518e-02  -1.0618325e-01   1.9312586e-01   1.2013338e+00  -3.9086962e-01   8.6200982e-01  -8.0740464e-01  -1.1692264e-01  -1.5579602e-01   9.8797363e-01   3.1442083e-02  -1.1083429e+00  -1.1134530e+00   6.9313091e-01   1.9064052e-01
   1.0297251e+00  -1.9717861e-02   8.0588497e-02  -6.0706440e-02   2.2180049e-01   1.0174820e+00   9.0498668e-01  -1.0127348e+00   7.7068090e-02   6.0944553e-02   1.0354762e+00   3.3890676e-02  -1.0340055e+00  -8.9551818e-01   4.0106523e-01  -9.4075119e-01
   1.3851212e+00   6.0712346e-03   8.6636478e-03   3.2260034e-02   3.4195438e-01   2.6531491e-01   9.7703928e-01  -9.6868747e-01   3.6816020e-02  -4.0149465e-02   1.3866725e+00   4.4267666e-02  -9.5995510e-01  -9.4374573e-01   3.2891423e-01  -3.8969013e-01
   1.0290617e+00   2.1502104e-02  -1.7295875e-02  -1.0212718e-01   2.1140306e-01  -8.2121867e-01   1.0856971e+00  -1.0158794e+00   9.1715595e-03   1.0549490e-01   1.0058945e+00  -2.2948535e-02  -8.4015208e-01  -9.2195702e-01   4.2504120e-01   1.1135151e+00
   1.4166955e+00   1.6634028e-02   3.6397625e-02   2.3203453e-02   2.8873435e-01  -3.3056274e-01   9.5691568e-01  -9.3941849e-01   3.8193997e-02  -2.7188502e-02   1.4147141e+00  -4.2298627e-03  -9.5198679e-01  -9.2736602e-01   3.6197704e-01   3.1472829e-01
   9.6177852e-01   2.6458190e-03   4.5558453e-02   2.9278892e-01  -9.2104006e-01   6.9327521e-01   1.1628656e+00  -5.5314744e-01  -3.1615223e-03  -2.6023412e-01   1.0339967e+00   4.6131898e-02  -7.2328407e-01  -2.9200878e-02  -9.4958651e-01  -1.1980332e+00
   1.3830135e+00   8.4819058e-03   1.4936236e-01  -1.0378129e-01  -1.0703110e+00   3.6195669e-01   8.3667409e-01  -2.7842590e-01   1.5403248e-01   7.9297855e-02   1.3869274e+00   6.4737224e-03  -1.0853955e+00  -3.4123418e-01  -8.1057858e-01  -3.0792090e-01
   1.0452499e+00  -8.4504709e-03   8.5158005e-02   5.5508222e-02  -9.8062110e-01  -1.0116276e+00   9.1521502e-01  -2.7280369e-01   8.1069693e-02  -6.3830979e-02   1.0563366e+00   3.9596081e-02  -1.0116386e+00  -3.5081887e-01  -9.1829765e-01   9.3924505e-01
   1.3893635e+00   1.6020524e-03  -1.4933233e-02  -3.5250064e-02  -9.6913981e-01  -2.7166969e-01   9.8587584e-01  -2.8846806e-01  -8.0464548e-03   3.8186096e-02   1.3957524e+00  -4.0885685e-03  -9.2638594e-01  -3.5162768e-01  -9.6873754e-01   3.6062419e-01
   1.3689388e+00   1.8138900e-02   1.6354153e-01  -1.1697634e-01  -4.4922009e-01   9.8795062e-01   8.5715342e-01  -4.1556144e-01   1.4907940e-01   1.0268404e-01   1.3954347e+00  -2.7592499e-02  -1.0348772e+00  -2.5107062e-01  -1.7519762e-01  -9.2440808e-01
   1.6572164e+00  -1.2669128e-02  -3.2541011e-02   1.5016297e-01  -2.7550796e-01   2.4449728e-01   9.9056131e-01  -3.3611035e-01  -3.4312908e-02  -1.3897890e-01   1.6866245e+00  -2.7689356e-03  -8.7715322e-01  -2.9231679e-01  -3.5191721e-01  -3.9510116e-01
   1.3902936e+00  -3.3508122e-02   4.2043097e-02  -1.6867079e-01  -3.4450251e-01  -8.1940824e-01   1.0776488e+00  -2.9035208e-01   2.6817854e-02   1.5552482e-01   1.3857136e+00   6.7523215e-03  -8.3047611e-01  -3.5391361e-01  -3.1484997e-01   1.0680679e+00
   1.6746697e+00   1.2901778e-02  -7.2366729e-02   1.4206710e-01  -2.5278991e-01  -3.5914949e-01   9.1918063e-01  -3.6347049e-01  -9.4533063e-02  -1.2554139e-01   1.6529396e+00  -4.2823851e-03  -9.5421946e-01  -2.7639592e-01  -4.0719897e-01   3.0055732e-01
   9.9939317e-01  -4.0473834e-02   7.5537093e-02   9.2484780e-02   9.4008571e-01   8.7108290e-01   1.1270205e+00  -2.6943356e-01   5.3742215e-02  -1.4640874e-01   1.0389384e+00  -7.5339111e-03  -7.9415518e-01  -3.4024194e-01   9.9117315e-01  -1.0804424e+00
   1.3991201e+00   7.7684307e-03   5.3024378e-02   2.8768409e-02   9.2955834e-01   3.1844020e-01   9.8695707e-01  -3.1495410e-01   6.0474172e-02  -5.0068632e-02   1.3735325e+00  -2.1222834e-02  -9.3634593e-01  -3.2052958e-01   9.9902809e-01  -3.5951915e-01
   1.0193216e+00  -3.4557916e-02   1.3608828e-01  -7.2063260e-02   8.3782244e-01  -9.3453330e-01   1.1397210e+00  -2.4862149e-01   1.4296111e-01   3.4696215e-03   1.0295844e+00  -1.3827116e-02  -7.7778542e-01  -3.7378228e-01   1.0995173e+00   9.8270696e-01
   1.4033819e+00  -2.1655377e-02   8.0178864e-02  -1.2576145e-01   8.6046571e-01  -2.3990127e-01   1.0235915e+00  -4.0263137e-01   9.1530554e-02   1.2310628e-01   1.3843660e+00   6.6372217e-03  -8.5006005e-01  -2.6591086e-01   1.0468680e+00   4.1317025e-01
   1.3831160e+00  -1.5182737e-02  -1.9800557e-01   1.1503801e-01   4.5606115e-01   9.0906537e-01   9.8327500e-01  -1.8192974e-01  -2.0591380e-01  -9.5688254e-02   1.4038335e+00   1.8646505e-02  -8.8583738e-01  -4.5101801e-01   1.7839767e-01  -9.7846615e-01
   1.6845812e+00  -3.8915090e-03   3.6331870e-02  -8.8886194e-02   2.5515863e-01   3.5544318e-01   9.1552210e-01  -3.5117561e-01   4.4654060e-02   6.8709716e-02   1.6563873e+00   1.3769333e-02  -9.5800704e-01  -3.1463385e-01   3.7762302e-01  -3.0017656e-01
   1.3738384e+00   5.3163437e-04  -1.9267865e-01   1.5947075e-01   4.8081264e-01  -1.0127629e+00   7.8985143e-01  -4.1143346e-01  -1.6439044e-01  -1.6503394e-01   1.3824486e+00   3.1869162e-03  -1.1089537e+00  -2.3507681e-01   1.7565787e-01   8.4774381e-01
   1.6774522e+00  -3.3270326e-02  -2.7518272e-02  -5.9952371e-02   3.2968578e-01  -2.9685345e-01   9.3758851e-01  -3.2374117e-01  -1.7801037e-02   5.4699872e-02   1.6837825e+00  -4.7268332e-03  -9.0967953e-01  -3.2218248e-01   3.0894223e-01   3.6712691e-01
   9.9559379e-01  -2.6124530e-03  -4.1448042e-02   1.9557105e-01  -1.1775419e+00   8.8242048e-01   4.6564525e-01   7.6597917e-01   3.5945244e-02  -1.9454555e-01   1.0116335e+00   4.0517207e-02  -1.4178966e-01   1.1525273e+00  -7.6393777e-01  -1.0018939e+00
   1.3629614e+00  -1.8551413e-02  -4.3256927e-02  -2.7670625e-01  -7.4371594e-01   3.4590539e-01   2.8168041e-01   1.1451843e+00  -3.3887163e-02   2.9104465e-01   1.3667656e+00   2.2646368e-02  -3.5065666e-01   7.6649153e-01  -1.1197208e+00  -2.8520045e-01
   1.0240929e+00   1.2153395e-02  -1.0143846e-01  -5.4956228e-02  -9.3947786e-01  -1.0315723e+00   3.8788491e-01   9.1682124e-01  -7.3275425e-02   3.3461805e-02   9.9879533e-01   4.5220014e-02  -2.2854179e-01   1.0551220e+00  -9.9043155e-01   9.2054641e-01
   1.3796918e+00   4.8776092e-03   1.0031014e-01   8.9608900e-02  -1.0254400e+00  -2.5648794e-01   2.6156613e-01   9.4477773e-01   1.3996060e-01  -9.9146865e-02   1.3870331e+00  -1.4978130e-03  -4.0481833e-01   9.7597075e-01  -8.8715881e-01   3.7850976e-01
   1.3968596e+00   6.9473060e-03  -3.4135174e-02   4.0248379e-02  -3.3438754e-01   9.1651422e-01   3.4641364e-01   9.8698241e-01  -3.3971112e-02  -9.7315395e-03   1.3766341e+00   9.3918545e-03  -3.1413656e-01   9.4358969e-01  -3.2734990e-01  -1.0036632e+00
   1.6731507e+00   1.0819931e-02  -5.6736901e-02   1.4229502e-01  -3.5047159e-01   2.4679776e-01   3.5798869e-01   9.3010080e-01  -8.4861696e-02  -1.4529656e-01   1.6571375e+00  -1.1850710e-02  -2.9874948e-01   9.5517385e-01  -2.6841125e-01  -3.8960156e-01
   1.3854297e+00  -2.4770904e-02   1.2338473e-01   5.0366905e-02  -3.9994502e-01  -8.4377939e-01   2.6172864e-01   1.0591452e+00   1.5220545e-01  -4.8661083e-02   1.3725274e+00   1.0823506e-02  -3.8961163e-01   8.7697721e-01  -2.4343629e-01   1.0537406e+00
   1.6761979e+00  -7.0974068e-03   3.3526272e-02   1.4454260e-02  -3.3102348e-01  -3.0624279e-01   3.1952724e-01   9.3995672e-01   6.2406387e-02  -1.5617559e-03   1.6784246e+00   5.1223030e-03  -3.3051941e-01   9.2295367e-01  -3.1671268e-01   3.4289023e-01
   9.8225808e-01  -1.9818300e-02  -4.3760750e-02  -2.4420948e-01   1.3112038e+00   8.4069258e-01  -7.1069181e-02   7.3631006e-01  -1.1619650e-01   2.9789415e-01   9.1774428e-01   6.9864646e-02  -6.3060999e-01   1.1457297e+00   6.3997722e-01  -9.6472031e-01
   1.3529000e+00   1.3435729e-02   1.8294914e-01  -8.1667088e-02   9.7530800e-01   4.7075489e-01   4.1981661e-01   8.8332283e-01   1.4740282e-01   5.9986591e-02   1.3969630e+00   7.1883611e-03  -2.0049894e-01   1.0475305e+00   9.2281115e-01  -1.8443467e-01
   1.0244164e+00  -5.4159863e-03   1.1499853e-02  -2.3578992e-03   9.4758588e-01  -9.6290386e-01   3.1474528e-01   1.0130333e+00   2.1313105e-02  -2.8166402e-02   9.8258811e-01   3.2054026e-02  -3.2961515e-01   9.4532245e-01   1.0245105e+00   9.9012268e-01
   1.3864018e+00  -7.9675438e-03  -9.6941933e-02   1.3099423e-01   8.6386859e-01  -4.0638080e-01   2.5913462e-01   1.0357144e+00  -9.9781007e-02  -1.1126658e-01   1.4033062e+00   1.5767224e-02  -4.0864217e-01   8.2990062e-01   1.0433147e+00   2.5281858e-01
   1.3840891e+00  -4.2952481e-03  -4.0350139e-02   3.1531390e-02   3.0491456e-01   9.5901293e-01   3.4008509e-01   9.7638094e-01   1.6078738e-03  -2.7076939e-02   1.4197745e+00  -9.8233400e-03  -3.0974048e-01   9.1416591e-01   3.5058421e-01  -9.6377385e-01
   1.6670685e+00   6.1023040e-03  -5.3683128e-03  -1.1279289e-01   4.1438344e-01   3.4010854e-01   2.8768960e-01   9.1539162e-01  -6.4617251e-03   9.8134942e-02   1.6838797e+00  -1.1998443e-02  -3.5360128e-01   9.3477792e-01   2.4597603e-01  -3.0884391e-01
   1.3832767e+00   1.2430648e-02  -6.3146643e-02  -1.8305073e-02   3.3706596e-01  -1.0310292e+00   3.2465941e-01   8.9444411e-01  -1.0062091e-01  -1.2819891e-02   1.3972466e+00   6.1147371e-03  -3.4266537e-01   1.0180312e+00   3.2245615e-01   8.8294417e-01
   1.6704030e+00   1.7782614e-02   1.1257851e-01   4.6413727e-02   2.8228149e-01  -2.5382128e-01   3.2306829e-01   9.7269130e-01   1.3956037e-01  -5.7410661e-02   1.6628767e+00  -1.6989184e-03  -2.7457318e-01   9.2137849e-01   3.8756749e-01   3.7084663e-01
   1.3944588e+00  -3.6688305e-03  -2.3682335e-02  -7.0556007e-02  -9.4469613e-01   9.6333349e-01   2.8336340e-01   3.8623115e-01   1.8977083e-02   6.5663792e-02   1.3955144e+00   9.6862391e-03  -3.5807407e-01   2.4910043e-01  -9.8394346e-01  -9.4305956e-01
   1.6739545e+00   2.1450603e-02  -1.4337511e-02   1.2433180e-02  -9.2629367e-01   3.2763281e-01   3.5321090e-01   3.2700881e-01  -2.8028131e-02  -5.3771049e-02   1.6893189e+00   1.6605115e-02  -3.1443483e-01   3.2004282e-01  -9.1108108e-01  -3.3299232e-01
   1.4154569e+00   1.6618516e-02  -7.5084060e-02   4.7149610e-02  -9.0910161e-01  -9.9744958e-01   3.4298396e-01   2.2211602e-01  -9.9622235e-02  -5.1651321e-02   1.4032594e+00  -1.7014543e-02  -3.0315781e-01   4.2340082e-01  -9.5575243e-01   9.1287732e-01
   1.6543015e+00   2.5275638e-02  -4.0401466e-02  -1.8321089e-02  -9.5983243e-01  -3.3539847e-01   3.4516799e-01   3.2828063e-01  -3.3240423e-02  -1.3586845e-02   1.6822252e+00   1.3263616e-03  -2.9471114e-01   3.1944358e-01  -9.3639481e-01   3.2108045e-01
   1.6732203e+00  -4.4459822e-03  -3.3267394e-02  -2.0332435e-02  -3.2321233e-01   9.4053340e-01   3.0379671e-01   3.4268314e-01  -3.3509679e-02   3.0951127e-02   1.6605922e+00  -1.7912477e-02  -3.3839780e-01   3.1317687e-01  -3.3868295e-01  -9.5537078e-01
   1.8988029e+00   4.0946208e-02  -1.8808218e-02  -1.3515846e-01  -2.8885791e-01   3.1125265e-01   2.9021370e-01   3.3122349e-01   1.1998448e-02   1.2889037e-01   1.8996910e+00   3.7157875e-02  -3.0553025e-01   2.8083599e-01  -3.2432890e-01  -3.0924016e-01
   1.6772915e+00  -1.3334640e-02  -6.8055913e-02   3.6941197e-02  -3.2719278e-01  -9.4096726e-01   3.2819751e-01   2.8342697e-01  -7.0338532e-02  -5.9658021e-02   1.6716944e+00   9.0290662e-03  -3.3751035e-01   3.5020396e-01  -3.3033034e-01   9.2259151e-01
   1.8976785e+00   2.6116226e-02  -5.6251459e-02  -1.1770256e-02  -3.0947012e-01  -3.1071499e-01   3.2263646e-01   3.1372187e-01  -5.2134197e-02   7.5406197e-04   1.9071714e+00  -2.5183095e-03  -2.8841296e-01   3.1282061e-01  -2.9319304e-01   3.0491281e-01
   1.4060417e+00   1.6626481e-03  -1.4065085e-01  -1.5349491e-01   9.9350196e-01   9.4276589e-01   1.4629626e-01   2.8713149e-01  -1.6298907e-01   1.9365294e-01   1.3844515e+00   4.7324845e-03  -5.1114339e-01   3.5723603e-01   8.6368501e-01  -9.4040823e-01
   1.6831272e+00  -1.5003751e-04   1.9461397e-02   1.2602240e-01   8.9326048e-01   3.0806884e-01   3.5227117e-01   3.6593369e-01   1.0647088e-02  -1.0229352e-01   1.6570503e+00  -5.6088935e-03  -2.8032324e-01   2.7136281e-01   9.8203331e-01  -3.5632560e-01
   1.3685644e+00   4.3466482e-02  -8.4347330e-02  -4.6796247e-02   9.9244559e-01  -9.9702764e-01   2.8301051e-01   2.3818360e-01  -9.6524850e-02   3.8779531e-02   1.3891369e+00  -2.0969836e-03  -3.6179465e-01   4.1588610e-01   9.2788035e-01   9.4586194e-01
   1.6665951e+00  -5.3757359e-03   1.2266270e-01  -6.2361833e-02   9.2034394e-01  -3.0546090e-01   3.9024889e-01   3.3296067e-01   1.1381447e-01   7.2320007e-02   1.6783136e+00   6.8465718e-03  -2.6810402e-01   2.9284739e-01   9.3445665e-01   3.6631170e-01
   1.6847537e+00  -4.0263426e-03   4.0074423e-02  -4.8947960e-02   3.0763555e-01   9.4626808e-01   2.9972222e-01   2.7873066e-01   6.2413286e-02   6.2647827e-02   1.6736490e+00   1.3283644e-02  -3.5054150e-01   3.5760185e-01   3.3800012e-01  -9.0879041e-01
   1.8983927e+00   1.7040242e-02   7.1945533e-02   6.2531270e-03   3.0443093e-01   3.3761081e-01   3.0664423e-01   2.9984871e-01   8.4414937e-02   1.5585300e-02   1.8995507e+00  -1.3835179e-02  -2.9463893e-01   3.4107763e-01   3.1203574e-01  -2.8919569e-01
   1.6745069e+00   1.7245751e-02  -6.2019877e-02  -8.2818925e-02   3.7066841e-01  -9.2217785e-01   3.4639651e-01   2.7789700e-01  -9.1789976e-02   5.9265409e-02   1.6758369e+00  -1.8786054e-02  -2.9963472e-01   3.6414018e-01   2.8782994e-01   9.3490899e-01
   1.9011171e+00  -4.9436513e-02  -3.9584726e-02  -1.1540687e-02   2.9898155e-01  -3.1476891e-01   3.1006598e-01   3.1144786e-01  -4.8038587e-03   1.7142171e-02   1.9010048e+00  -4.0923269e-03  -3.2546800e-01   3.1472370e-01   3.0867171e-01   2.9255426e-01
   9.9949807e-01   2.8321760e-02  -5.4841921e-02  -2.1182370e-01  -1.2009087e+00   1.0385510e+00   1.2226719e-01  -6.4544964e-01  -1.1248764e-02   2.3318404e-01   9.5220923e-01  -2.4973447e-02  -4.5205280e-01  -1.2463958e+00  -7.4774748e-01  -8.4923023e-01
   1.3831208e+00  -1.4862981e-02  -1.5281445e-01   5.9361033e-02  -8.7870103e-01   3.7629318e-01   4.3817151e-01  -9.7681814e-01  -1.2248736e-01  -7.1881466e-02   1.3959541e+00  -1.9673310e-02  -2.2394520e-01  -9.4609529e-01  -1.0093398e+00  -2.5834298e-01
   9.8413926e-01   5.7944725e-03   1.7988114e-01  -2.9172018e-02  -9.8597139e-01  -1.2068707e+00   1.2495387e-01  -7.4427038e-01   2.4221973e-01  -2.4098042e-02   1.0025529e+00   1.4088727e-03  -4.9025089e-01  -1.1781563e+00  -8.6417550e-01   7.4862379e-01
   1.3783014e+00   2.5635839e-02   9.8848268e-02  -2.4895044e-02  -9.9302316e-01  -3.8592234e-01   2.6715600e-01  -9.3959242e-01   1.0847839e-01   1.1077736e-02   1.4050167e+00   2.8463947e-03  -3.7913543e-01  -9.6619427e-01  -9.2620748e-01   2.8088126e-01
   1.3910964e+00   6.3210796e-03  -6.2098261e-02  -1.7794840e-01  -4.3805698e-01   9.9288064e-01   2.3026568e-01  -8.9362228e-01  -3.2278623e-02   1.9157878e-01   1.3726983e+00  -2.8830400e-02  -4.1693303e-01  -1.0042413e+00  -2.2523679e-01  -9.1872638e-01
   1.6788661e+00  -1.9095084e-02   1.7071422e-02   1.7544709e-03  -3.2165250e-01   2.9829121e-01   3.1130898e-01  -9.4413906e-01   2.4405746e-02  -2.7510080e-02   1.6847254e+00  -3.4450951e-03  -3.1011695e-01  -9.0801793e-01  -3.3529183e-01  -3.5671642e-01
   1.3223827e+00  -1.3403706e-02  -4.0691918e-01  -1.2353270e-01  -2.9526201e-01  -6.5236837e-01   4.6475175e-01  -1.1582412e+00  -3.9105803e-01   8.3436094e-02   1.3298856e+00  -3.4475973e-04  -1.6454141e-01  -7.1209133e-01  -3.0573702e-01   1.2016212e+00
   1.6850259e+00   6.8117138e-03  -7.1014748e-03  -5.1890820e-02  -3.3698463e-01  -3.1729573e-01   3.1822121e-01  -9.1782290e-01  -2.7074032e-03   3.7275493e-02   1.6668100e+00  -1.4507609e-02  -3.2411236e-01  -9.5283270e-01  -3.0248430e-01   3.4014857e-01
   9.9666220e-01   5.6840498e-03  -1.0621395e-01   1.5226634e-01   1.1433605e+00   1.0324908e+00   2.8528145e-01  -7.1935356e-01  -1.1826241e-01  -1.3121617e-01   9.8354900e-01  -2.8503489e-02  -2.8803632e-01  -1.2243561e+00   8.1579977e-01  -8.6779821e-01
   1.3721060e+00  -3.2677804e-03   5.7777762e-03   2.4615061e-01   1.1123594e+00   2.6288038e-01   3.9233217e-01  -7.7221549e-01  -9.7234473e-03  -2.4967432e-01   1.3825163e+00  -1.5046749e-04  -2.7768707e-01  -1.0972695e+00   7.7099329e-01  -3.8817045e-01
   1.0496687e+00   1.0184080e-02   9.0578139e-02   1.5681500e-02   9.1833067e-01  -1.0488368e+00   3.8987234e-01  -8.9120811e-01   4.1601662e-02  -3.5015948e-02   1.0077375e+00  -2.8035461e-03  -2.4824059e-01  -1.0668068e+00   1.0128278e+00   8.6947137e-01
   1.3792585e+00   1.6750630e-02   5.1192552e-02   4.3206550e-02   9.6225172e-01  -3.4399849e-01   3.3295396e-01  -9.6837831e-01   5.6760687e-02  -1.9640336e-02   1.4025465e+00  -2.6957097e-03  -3.1892329e-01  -9.8782772e-01   9.2972845e-01   2.9553023e-01
   1.3558872e+00   7.1317269e-03  -1.1227820e-01   4.2909533e-02   3.8204500e-01   1.0238403e+00   3.4020591e-01  -9.1494477e-01  -1.1528269e-01  -1.1599347e-02   1.3860399e+00   7.5767771e-03  -3.1231618e-01  -1.0255973e+00   2.3989411e-01  -9.2653710e-01
   1.6555595e+00   3.2162428e-02  -9.5176235e-02   1.3442735e-01   4.0381992e-01   3.3774519e-01   3.3445841e-01  -9.1758013e-01  -8.1863120e-02  -1.0949565e-01   1.6687921e+00  -2.8029566e-05  -3.2436618e-01  -9.6559954e-01   2.5301820e-01  -3.0794054e-01
   1.3495619e+00   3.9415494e-02   2.8812465e-01  -6.7747951e-02   1.8540110e-01  -1.1533287e+00   3.8973579e-01  -7.5702596e-01   3.3884859e-01   8.4660545e-02   1.3518096e+00  -1.8550165e-02  -2.4601500e-01  -1.1265397e+00   4.0528280e-01   7.4592978e-01
   1.6601815e+00   5.4150697e-02   7.7098951e-02  -1.2243477e-01   2.5555825e-01  -3.5584795e-01   3.4892154e-01  -9.5196950e-01   6.5648228e-02   1.3715686e-01   1.6838359e+00   1.5050069e-02  -2.9870087e-01  -9.0473807e-01   3.9311108e-01   2.8113806e-01
   1.4008460e+00   2.8339827e-03   7.0771463e-02  -1.0001412e-01  -9.9165118e-01   9.4959211e-01   2.1731400e-01  -3.0048007e-01   7.9112805e-02   9.8182552e-02   1.3857969e+00   1.2213968e-03  -4.6209446e-01  -3.4961489e-01  -9.1537696e-01  -9.4339257e-01
   1.6753843e+00  -1.4304709e-02   5.6213308e-02  -5.3915765e-02  -9.5895994e-01   3.1179586e-01   2.9537037e-01  -2.8766534e-01   8.1211373e-02   8.1773371e-02   1.6696780e+00  -3.7993770e-03  -3.5513082e-01  -3.5658020e-01  -9.1555506e-01  -3.2767412e-01
   1.3912747e+00   4.2742543e-02  -1.8469477e-01  -9.5642738e-02  -9.6409744e-01  -8.3917654e-01   4.9738857e-01  -3.7171400e-01  -1.2347923e-01   9.0407170e-02   1.3599523e+00   7.7297329e-03  -1.3891089e-01  -2.7964935e-01  -9.6814471e-01   1.0451053e+00
   1.6831238e+00   2.1505337e-02   1.0978701e-02   1.4029256e-01  -9.0582991e-01  -3.3091936e-01   2.9362324e-01  -3.6135799e-01   7.5848214e-03  -1.1511188e-01   1.6722703e+00  -1.7314827e-02  -3.4785593e-01  -2.8259185e-01  -9.4541609e-01   3.0859321e-01
   1.6913002e+00   1.0631628e-02   2.7216129e-02  -2.4508661e-02  -3.2782653e-01   8.9853674e-01   3.3013225e-01  -3.3796993e-01   1.6994132e-02   3.9910793e-02   1.6681726e+00   1.9274253e-03  -3.3405867e-01  -3.1522518e-01  -3.1332576e-01  -9.5193493e-01
   1.9021800e+00   1.6442442e-02   1.9377451e-02   1.3498802e-03  -3.1630427e-01   2.9861838e-01   3.1255054e-01  -3.0684650e-01   2.7602794e-02  -3.5247973e-03   1.9066048e+00  -4.3804295e-02  -3.0217534e-01  -2.8933859e-01  -3.0199048e-01  -3.0974185e-01
   1.6678662e+00   1.9095365e-02  -3.6920499e-02   1.2207124e-02  -3.0008751e-01  -9.4916761e-01   3.2120416e-01  -3.4957379e-01   2.9025625e-03  -2.5999365e-02   1.6770290e+00   5.0450573e-03  -3.5132954e-01  -3.2073185e-01  -3.3057588e-01   9.2264962e-01
   1.9051436e+00  -2.4304917e-02  -1.2751367e-02   6.2488872e-03  -3.2284650e-01  -2.8531650e-01   3.0480844e-01  -3.0181524e-01   1.4239238e-02  -8.5642999e-03   1.9006422e+00   1.9692872e-02  -3.0935502e-01  -3.2181796e-01  -2.9731768e-01   3.1500825e-01
   1.3901509e+00  -4.4175249e-02   9.7286761e-02  -9.4191460e-03   9.1939718e-01   9.5103049e-01   3.7838724e-01  -4.0379265e-01   8.8440560e-02   1.1115750e-02   1.3840642e+00  -1.1366856e-02  -2.7362061e-01  -2.4214193e-01   1.0150157e+00  -9.5526659e-01
   1.6869296e+00  -9.9218301e-03   2.0024594e-02  -7.1161665e-02   8.9254016e-01   3.2793373e-01   3.3875179e-01  -3.6025450e-01   3.1094279e-02   6.7319699e-02   1.6716748e+00  -3.2589573e-02  -3.2050258e-01  -2.8994122e-01   9.5858717e-01  -3.0539253e-01
   1.3899478e+00   1.1094630e-03  -3.3078384e-01  -1.5412874e-02   1.0001196e+00  -8.0975246e-01   1.0501271e-01  -5.3983527e-01  -3.2826421e-01  -1.0096488e-02   1.3567622e+00  -2.3397745e-04  -5.1242179e-01  -1.1571354e-01   8.7080759e-01   1.0084968e+00
   1.6808753e+00  -8.3406772e-03   5.2797262e-02   4.1326795e-02   9.3281168e-01  -3.2585654e-01   3.5298786e-01  -2.6300654e-01   4.9048405e-02  -6.0070645e-02   1.6650249e+00   2.0027738e-02  -2.9908371e-01  -3.8210878e-01   9.4687247e-01   2.9874912e-01
   1.6753792e+00   2.4953398e-03   4.4304546e-02   4.1943807e-02   2.9585597e-01   9.1122109e-01   3.6215055e-01  -3.7465793e-01   5.3196218e-02  -2.8552402e-02   1.6685877e+00   9.8917307e-04  -2.9372278e-01  -3.0318835e-01   3.4349552e-01  -9.5707011e-01
   1.9106631e+00   1.2136734e-02   5.2287914e-02  -1.9448522e-02   2.8225440e-01   2.7380082e-01   3.0934805e-01  -3.0947652e-01   7.3903069e-02   1.1025364e-02   1.8952502e+00  -6.3517399e-02  -3.0257687e-01  -2.8579861e-01   3.2974553e-01  -3.4123796e-01
   1.6664888e+00   1.5099024e-02   1.5196346e-01   2.5022553e-02   3.0615228e-01  -9.6179396e-01   3.5038218e-01  -2.3942199e-01   1.7469466e-01  -4.6570715e-02   1.6461027e+00  -1.8209754e-02  -3.0571255e-01  -4.2894611e-01   3.5847998e-01   9.2269409e-01
   1.9000643e+00  -6.6690617e-03  -2.1579267e-02  -5.6225024e-03   3.1818843e-01  -3.1697664e-01   3.0056101e-01  -3.1170163e-01  -2.2699758e-02   8.1174141e-03   1.8948117e+00  -8.8758133e-03  -3.0266103e-01  -3.1553188e-01   3.2227990e-01   3.3763871e-01
