   8.2551676e-01  -1.6725449e-02   8.8062115e-02  -1.6052930e-01   1.0896249e+00  -2.0033030e-02   4.9716541e-01  -4.4351500e-01  -1.1884240e+00   1.1139139e+00  -1.6432259e-02  -2.5904283e-01   1.6067581e+00   3.7432197e-01  -3.4409785e-01  -3.0314204e-01   1.3686974e+00  -2.0513600e-01   2.7992487e-01  -8.2278103e-02
   9.9450403e-01   7.7468544e-02  -5.6489825e-01  -5.3113211e-02   7.4041814e-01   1.4295287e+00   5.4546744e-01   3.1356639e-01   5.0593978e-01  -6.6289115e-01   2.2665012e-01   1.9766174e-01   6.4068758e-01  -2.2556257e-01  -8.6228341e-01   1.4098220e-01   1.5562146e+00  -3.0661020e-01  -9.0840542e-01  -5.8632541e-01
   6.5237552e-01   2.9466924e-01  -3.7920121e-02   3.3121035e-01  -1.5203512e+00   1.7505458e-01   1.2458385e+00   1.2841117e-01   6.3805920e-01  -2.4208261e-01   2.1756203e-01  -4.5419702e-01   1.2886904e+00  -2.7716449e-01  -5.7752562e-01  -2.3759288e-01  -7.4478120e-01  -4.5150095e-01   8.6135167e-01   1.0575272e+00
   1.6754640e+00  -1.8167216e-01  -1.0125030e-01  -2.4727830e-01  -5.8277212e-02   8.5696924e-01   9.6457320e-01  -2.3442167e-01   5.6373990e-01   2.1787070e-01  -2.9374558e-01   3.0137613e-01   1.3112198e+00   3.4815112e-01  -6.3370234e-01  -2.5164178e-01   1.0480369e-01  -8.6066830e-01   1.1845922e+00  -6.0206681e-01
   9.7067648e-01   3.0630875e-01   8.1920058e-02   2.6664978e-01   9.0018088e-01  -7.8753567e-01   1.2009486e+00   1.8815646e-02  -2.1153018e-01  -9.8398906e-01   1.5970221e-02  -2.8169451e-02   1.1237440e+00   1.9903710e-01  -5.5559808e-01  -9.0330467e-02   2.1392012e-01   1.5816476e+00  -8.6923456e-01   2.7703166e-01
   1.2289881e+00   1.8695001e-01  -7.7222425e-01  -1.3352013e-02  -2.7009986e-02  -5.5842024e-01  -1.3985787e-01  -4.3177971e-01   1.3036106e+00   8.0010819e-01  -3.9442605e-01  -4.6379563e-01   1.2586732e+00   1.3329928e-01  -2.1946549e-01   2.2746746e-01   3.2228830e-01   9.1246879e-01   9.9728566e-01   9.9816829e-01
   1.3187205e+00  -2.5449017e-01  -1.6841471e-01  -1.8149348e-01  -1.2994502e+00  -3.0533877e-01   5.7258964e-01   3.6136892e-01   7.5126845e-01   5.7467765e-01   2.4306311e-01  -4.5178694e-01   1.3670473e+00  -3.9838459e-02  -8.5169393e-01  -9.9444099e-02  -1.2616625e+00   1.8813609e-01  -4.6077144e-01  -5.4003036e-01
   1.2755275e+00  -3.0098554e-01  -1.6203724e-01   2.8405413e-01  -3.8080263e-01  -1.5012421e-01   1.6535863e+00   1.2580562e-01   2.8601122e-01  -4.1948619e-01   2.6592910e-01   1.3605531e-01   1.6923735e+00  -4.7569662e-02  -1.0756449e+00  -3.4864765e-01  -4.9903837e-01  -3.6887608e-02   6.7921722e-01  -2.3254380e-01
   1.8666371e+00   3.0494055e-01   2.5786760e-01  -4.8696697e-02   7.6671463e-01  -1.9500414e-01   4.2290223e-01   5.5759019e-01   4.8232996e-01   7.4414425e-02   1.7830051e-01  -1.0520229e-01   1.5116614e+00  -5.3098708e-01  -1.0258808e+00   6.5819508e-01   3.9045826e-01  -2.9988989e-01   2.8470132e-01   7.6221800e-01
   1.2662381e+00  -1.2286065e-01  -1.3873756e-01  -4.8434116e-02   1.2627308e+00   1.5252297e-01   5.8507723e-01   1.0914670e+00  -3.2801944e-01   3.1778479e-01   2.0574924e-01   1.3038278e-01   9.1463476e-01   2.1085697e-01  -2.8273636e-01   1.1304723e+00   1.4314246e+00  -4.3618953e-01   4.3370974e-01  -5.2383304e-01
   9.7987705e-01   1.9263360e-01  -1.5005858e-01   2.3560147e-01  -2.1770474e-01   3.9997709e-01   5.7740331e-01   1.0287412e+00   1.4534172e+00   4.6174115e-01   2.0133825e-03   2.2204420e-01   1.2680310e+00   2.9872986e-02  -1.3002605e+00   1.0708162e+00  -3.5583460e-01   1.4275278e-01  -2.2831570e-01  -5.5267328e-01
   1.3536365e+00   2.3715159e-01   2.4484657e-01  -9.3472488e-02   6.8967499e-02   7.2323638e-01   3.6883020e-01   1.1384163e+00  -7.0467132e-01  -7.6571780e-01   3.0058789e-01   2.0730773e-02   1.4636089e+00   6.4891279e-02  -1.0391532e+00   4.0898454e-01   1.4571942e-01  -1.0997136e+00  -5.1184851e-01   1.5216742e-01
   1.1687930e+00   9.5816307e-02   4.6221015e-01  -2.0807020e-01   1.0143003e+00  -8.3537424e-01   7.9251587e-01   7.9142189e-01  -6.1482304e-01   9.3368195e-02   1.2835525e-01   2.3961450e-01   9.5082456e-01   1.9748233e-02  -2.4992828e-01   9.1034091e-01   8.7749934e-01   2.4734879e-01   1.2289790e+00   8.8819569e-01
   1.6185133e+00   7.2924829e-01   1.5641873e-01  -3.4243277e-01   3.4419444e-01  -1.0439253e+00   6.5950997e-02   5.1797599e-01  -1.4475714e-01  -4.5280465e-01  -3.0695120e-02   4.6672115e-01   1.4118135e+00   2.2087258e-01  -1.0824560e+00   5.4287803e-01   2.2208200e-01   1.0478939e+00  -3.5382569e-01  -1.4320013e-02
   1.6448315e+00   3.0257630e-01   2.3549794e-01   4.0321270e-01  -1.1019189e+00  -1.5313296e-01   3.3281997e-01   1.9437705e-01  -1.2102401e-01  -7.6424003e-01  -1.7613811e-02   3.9828554e-01   1.0854820e+00   3.5276043e-01  -5.7344288e-01   9.7310287e-01  -9.8691589e-01  -7.0108861e-02   9.4405484e-01   6.2643707e-01
   1.7355806e+00   1.4345290e-01  -1.5229724e-01   1.1529081e-01   9.8702185e-02  -3.2762450e-01   7.7861017e-01   8.3876051e-02  -7.6607478e-01   7.8324634e-01  -3.2910299e-01   7.8999110e-02   1.6328796e+00   5.4440591e-03  -2.8617948e-01   4.2320257e-01  -5.5088305e-01   1.4291906e-01  -8.2022321e-01   9.8054135e-01
   8.1880021e-01  -1.5553759e-01  -1.3764277e-01  -8.6424099e-03   1.1253482e+00   3.6085984e-01  -8.0520916e-01   9.9467009e-01   3.9851239e-01  -1.0455542e+00  -3.0177829e-01   1.1747015e-01   2.6845542e-01   4.0258589e-01   6.2463689e-01   1.2335247e+00   4.2626095e-01   9.2715144e-01  -3.1622085e-01   1.2680413e+00
   1.2516010e+00  -3.1295206e-02  -4.6246741e-02   1.0403465e-01  -8.3052628e-02   1.3286169e-01  -5.3067380e-01   1.2206091e+00  -9.7315216e-01   8.2248229e-01  -1.3285521e-01  -2.7261928e-01   1.1691074e+00   1.2629298e-02   8.7781465e-01   6.1868393e-01   7.2492182e-01  -1.0556050e-01  -1.2481081e+00  -5.4157144e-01
   1.4630678e+00  -6.3204013e-02  -1.5661818e-01  -2.1454512e-01  -7.5584060e-01   9.6643502e-01  -3.7266371e-01   7.7163506e-01  -2.0959103e-01   7.0806754e-01  -1.0081263e-01   3.4196761e-01   1.7934072e+00   1.8296526e-01   5.2397329e-01   6.4329690e-01  -5.5567467e-01  -3.5050708e-01   2.5655675e-01   6.6127068e-01
   3.4584057e-01  -4.8347402e-02  -4.0448508e-01   3.7650093e-02  -6.0320020e-01   1.4620067e+00  -3.2019687e-01   1.1676204e+00  -1.8376272e-02  -8.6343247e-01   1.2968296e-01  -1.7577673e-01   1.1254627e+00   8.9997903e-02   5.6128079e-01   1.0081408e+00  -2.8202775e-01  -1.1309158e+00   9.3753690e-01  -3.2962105e-01
   1.4664195e+00   1.0750086e-01  -9.3465019e-03   1.6219845e-01   5.9550446e-01  -3.9401177e-01  -8.5815585e-01   8.8661206e-01  -5.9320366e-01  -6.5374893e-01   4.7328669e-01   4.4423290e-02   1.9085947e+00  -2.2344489e-01   3.1043530e-01   6.6037828e-01   5.9215850e-01   1.9003950e-01   3.5615036e-01  -1.8784347e-01
   1.5714670e+00  -2.5449789e-01  -4.5979344e-03  -2.3574594e-02  -8.6933202e-01  -5.3601927e-01  -3.9152297e-01   3.0232099e-01  -9.8855233e-01   4.4739908e-01  -1.2094875e-02   8.1842117e-02   1.9605569e+00  -8.5989907e-03   2.3819123e-01   7.3809111e-01  -1.6692666e-02   2.6938981e-01  -6.6190165e-01  -1.9188832e-01
   1.0779493e+00   2.9771149e-01  -7.8921609e-02  -2.5257963e-01  -1.4089575e+00  -2.9154283e-01  -1.5029471e-01   5.7473439e-01  -2.6969552e-01  -1.0879182e+00  -1.7200270e-01   1.4694604e-01   9.2179507e-01   2.5237042e-01   3.7498343e-01   1.0335621e+00  -1.1552399e+00  -2.5927383e-01  -8.1291467e-02  -1.1908618e+00
   1.8967940e+00   4.8120081e-01  -8.6517535e-02   8.2550913e-02  -4.1523027e-01  -4.7908938e-01   6.8365246e-02  -5.5907941e-03   8.6279625e-01  -7.2475433e-02  -5.8339905e-02  -2.5903273e-01   1.6834511e+00  -6.1299007e-02   5.0887614e-01   2.2498059e-01  -6.0778981e-01   7.2009689e-01   8.5487986e-01   4.0422091e-01
   1.2257863e+00  -1.3337569e-01  -1.1412463e+00   5.6243742e-01   2.8237197e-01  -3.2641423e-01  -6.7041717e-02   6.2145126e-01  -7.4132276e-01  -8.5693824e-01  -3.9446682e-01   2.1572767e-01   1.3232160e+00   1.1024904e-01  -1.6388360e-02   1.1108028e-01   1.7338955e-01   3.9557377e-01  -4.2146733e-01  -1.6303427e+00
   1.4925109e+00   2.0201844e-01  -1.9332705e-02   6.0739827e-01   7.5003320e-01   4.3928614e-01  -1.9630183e-01   5.8657694e-01   7.9578233e-01   7.6869690e-01   1.9216375e-01  -2.5736037e-01   1.2654108e+00  -3.2363769e-01  -3.0406868e-02   1.4829695e+00   5.6300431e-01  -7.7358240e-01  -1.7179090e-01   2.1399504e-01
   1.5459685e+00  -1.9353957e-01  -7.4267864e-02  -4.2018048e-02  -7.6393682e-01   1.8468192e-01   2.3595290e-01   1.2330000e+00   5.8134890e-01   1.8332049e-01   2.1697958e-01  -1.1186366e-01   1.1086398e+00  -1.4134978e-01   2.9517097e-02   6.8940616e-01  -1.6635826e-01  -8.1141317e-01   7.7394491e-01   1.3892928e+00
   2.0530226e+00  -2.3665474e-01  -2.4573383e-01   2.8361735e-01   2.0366160e-02   3.5942098e-01   1.7000480e-01   6.5536225e-01   5.2307392e-03   1.5551314e-02   2.5884947e-01   1.5590650e-01   1.5294539e+00   7.5266428e-02   3.3184743e-01   1.0840638e+00  -3.9359850e-01  -6.6068900e-01  -8.2690483e-01  -5.7252601e-02
   7.2369426e-01  -4.0372920e-01   4.3474793e-01  -3.8527793e-01   1.9059306e-01  -2.1066345e-01   5.0899017e-01   1.3896198e+00   1.2338148e+00   4.2744243e-01   1.6350758e-01  -3.3151474e-02   6.1476946e-01   2.5800717e-01  -8.3567059e-01   1.3687284e+00   6.4964741e-01   7.8863311e-01  -9.1510653e-01  -2.7292916e-01
   1.4637733e+00  -1.2883775e-02  -6.5273829e-02   5.1442284e-02  -2.3956886e-02  -1.1195399e+00   8.2725048e-02   1.0243987e+00  -2.9395437e-01   6.7357731e-01   2.2159781e-01   7.8406818e-02   1.8529211e+00  -1.7490582e-01  -4.0227371e-01   6.0938144e-01  -5.5695456e-01   7.4858671e-01   2.7290550e-01  -5.1098850e-02
   4.4324937e-01  -2.9417770e-02   6.4234115e-02  -1.6118636e-02  -7.1974778e-01  -7.4661851e-01  -1.0848795e-02   1.5073853e+00  -1.1735448e+00  -2.7067986e-01   2.5828844e-01  -1.1829175e-01   6.1394036e-01  -1.3694625e-01  -1.7756312e-01   8.3389604e-01  -1.4231547e+00  -3.3315045e-01  -1.0045792e+00   8.0694985e-01
   1.3219301e+00  -3.6284812e-02   1.2064074e-01   4.2433515e-01  -2.3565698e-01  -6.0093898e-01  -2.3475897e-01   1.0310885e+00   6.3399631e-01  -1.0581597e+00  -6.4405255e-02   2.7004959e-02   1.0615177e+00   4.5328531e-02   4.4179875e-02   1.2423372e+00  -1.1322908e+00   9.2137510e-01  -4.1517553e-01   1.3232304e-01
   1.4450132e+00   2.3904295e-01  -1.9638820e-02  -1.1333066e-01   9.3394947e-01   1.1799029e-01   4.2203832e-01  -3.7932202e-01  -1.0439656e+00  -7.3723572e-01   2.6877260e-01   3.2473654e-01   2.0275307e+00  -2.3307231e-01  -3.9769927e-01  -4.7749293e-01   4.8527834e-01   1.9781109e-02  -4.3803044e-03   1.8717661e-01
   1.4281802e+00   1.2632301e-01   2.6521775e-01  -2.2087989e-02   7.4352193e-01   1.0433393e+00   4.3589315e-01  -3.7628385e-01  -6.6530704e-01   6.7668891e-01   4.3566877e-01   1.0996144e-01   1.0066433e+00   1.2141686e-01  -2.6470536e-01  -5.6862187e-01   9.8129219e-01  -1.1484096e+00   4.1715914e-01  -9.5959800e-01
   1.1811992e+00  -3.2928276e-01   1.1597042e-01   2.3407348e-02  -5.8760476e-01   5.2641964e-01   6.5552670e-01  -1.4873533e+00  -1.9597659e-01   4.2380002e-01  -1.6405880e-02   5.2899241e-01   5.3968656e-01   2.0010735e-01  -8.7385666e-01  -1.2935796e+00  -8.8655633e-01  -8.4513551e-01  -5.9478216e-02  -6.6921282e-01
   1.9982136e+00  -4.4210261e-01  -8.4162794e-02   2.5238630e-01   1.5552869e-01  -2.3561005e-02   2.2627279e-02  -5.7259822e-01   4.2675290e-01   4.5350000e-01   1.1980806e-01   7.7752315e-02   1.6933924e+00  -7.5789601e-02  -9.2582709e-01  -3.7499610e-01  -2.3946272e-01  -4.3719873e-01  -9.0053314e-01   2.2148392e-01
   1.3361710e+00  -3.4999046e-01  -7.7166274e-02   3.8369092e-01   5.8624750e-01   1.8760663e-02   2.0907973e-01  -7.9195219e-01   8.2931846e-01  -1.1118768e+00  -2.6714000e-01  -1.6454227e-01   7.8736669e-01  -2.3991559e-02   9.6462704e-02  -5.8149946e-01   2.7799925e-01   1.4900988e+00   1.0550121e+00  -7.2309369e-01
   1.4676281e+00  -8.3960593e-02   5.2923328e-01  -1.3111545e-01  -1.7184244e-01  -8.7261891e-01   8.8905615e-01  -8.7504941e-01   4.3130943e-01   9.2660993e-02   9.1923377e-04   2.1574914e-01   1.1681030e+00   2.6908186e-01  -1.0436552e+00  -3.9849326e-01   9.1413625e-02   5.2186954e-01  -1.0312649e+00  -9.6143496e-01
   1.1224190e+00   3.4909591e-02  -8.0942497e-02   7.8623480e-01  -2.6839352e-01   4.0179396e-01   2.6904735e-01  -2.8025940e-01  -6.6983497e-01  -1.5103496e+00   2.0459507e-01  -3.0155838e-01   1.8675132e+00   1.1995798e-01  -1.9359595e-01  -4.6406162e-01   7.5599611e-02   3.3263665e-01   8.1421274e-01  -5.7712352e-01
   1.2361735e+00   1.3843362e-01  -2.4281646e-01  -1.0184808e-01  -8.8052386e-01  -7.9595619e-01   4.0925434e-01  -6.9431156e-01  -9.0057802e-01   7.1687669e-01  -5.8746117e-01   4.4372696e-01   1.3304886e+00   4.6156442e-01  -5.6778455e-01  -5.7876587e-01  -6.4013273e-01   7.8532124e-01  -3.8960281e-01   7.9944706e-01
   1.5508567e+00   1.4326544e-01  -3.0254120e-01  -3.6489019e-01   6.6486925e-01  -4.4384274e-01   1.3813740e-01  -1.0840517e+00  -4.3698898e-01   5.7042611e-01  -3.1626460e-01  -1.3848892e-01   1.2993182e+00   2.9226148e-01  -1.9730078e-01  -1.4931628e+00   7.4284333e-01  -5.0239694e-01  -9.7015435e-03  -1.8541296e-01
   1.7558426e+00  -3.1475154e-01   4.1207135e-01  -1.4526610e-01   5.7279760e-01   4.3147966e-01   2.4066625e-02  -1.3022719e-01   6.6180646e-01  -8.1070721e-01  -2.3465033e-01  -2.8136426e-01   1.8437970e+00   3.2916069e-01   1.7971694e-01  -4.3622756e-01   7.5781249e-02  -9.1995770e-01   1.8201654e-01   5.0005174e-01
   1.4572803e+00  -2.1931800e-01  -2.6117012e-01   3.1917951e-01  -8.3951557e-01   8.8357294e-01   9.2810482e-02  -8.4792972e-02   1.0447792e+00  -2.5552544e-01  -5.3601837e-01  -1.0572926e-01   1.0394187e+00  -1.7473902e-01   1.4952095e-01  -4.6957514e-01  -8.6396319e-01  -3.0380338e-01   1.5797869e+00   1.1518602e-01
   1.3317506e+00   3.8746500e-01  -4.2008889e-01   1.8751888e-01   7.1565144e-02   5.4435855e-01   4.1302693e-01  -8.0207628e-01  -1.1947588e+00   5.6732601e-01   2.5095889e-01  -1.7030174e-01   1.2290627e+00   1.2287410e-01   1.6619015e-03  -1.0950340e+00  -4.4070488e-01  -7.9155189e-01  -6.9638115e-01  -9.3674934e-01
   1.4310156e+00  -4.9274695e-01   2.6455721e-01  -1.4298138e-01   4.9855685e-01  -1.0095217e+00  -6.8935668e-01  -5.3415376e-01   3.5929844e-01  -6.7944014e-01   1.0984023e-01   2.6840009e-02   1.0502172e+00   6.1930776e-01  -1.6336496e-01  -9.7325349e-01   4.6983734e-01   1.1278731e+00   6.0847032e-01   8.1469309e-01
   5.4021221e-01  -1.4387843e-01  -5.7554442e-01  -2.9490745e-01   4.4640255e-01  -1.3091395e+00  -1.5632258e-01  -1.0379930e+00  -8.6519057e-01   7.1113044e-01   1.8507423e-01   1.0513269e-01   1.4669695e+00   4.6708107e-01   1.7641973e-01  -1.2709198e+00  -3.1724960e-01   7.7493364e-01  -3.1256258e-01  -3.7323514e-01
   1.4108578e+00  -4.8832202e-01   3.0114739e-03   2.2132620e-02  -7.8320521e-01   6.3962638e-01  -6.9310172e-03  -1.0333399e+00  -9.8327294e-02  -8.1883013e-01   6.4417225e-01   3.6967957e-01   1.7863870e+00   3.0443397e-01   3.8979656e-01  -5.6697345e-01  -7.8833634e-01  -1.9237189e-02  -2.4899776e-01   8.5300215e-02
   6.9709080e-01  -3.1064737e-01  -1.7396258e-01   2.3425335e-01  -7.7830261e-01  -1.5741636e+00   8.6696380e-01  -6.0192847e-01   2.5711803e-02   3.6616150e-01  -1.4545085e-01   3.2202274e-01   9.3686116e-01   2.1787092e-01  -3.1166476e-01  -9.7687149e-01  -8.4459561e-01   8.8763857e-01   7.6459557e-01  -9.0150219e-01
   1.3040662e+00   2.6076996e-01   3.3139688e-01   2.2844324e-02   5.5590725e-01  -1.4604379e-01  -1.6238842e+00   2.7325371e-01  -1.1919282e-01   2.5461543e-01   9.9662736e-02   4.4579986e-01   1.6532884e+00  -7.2747558e-02   9.3156385e-01  -3.6084253e-01   8.4768331e-01   7.1193308e-02   5.7532954e-01  -4.1952645e-03
   1.2602282e+00   1.9136372e-01  -7.0481509e-02   9.4195195e-02   4.1833997e-01   1.0327575e+00  -3.8107583e-01   9.4136596e-02  -6.9076747e-01  -1.2200522e+00  -1.0817598e-01  -2.0845537e-01   1.3141491e+00  -1.0514478e-01   9.4029897e-01  -4.3003002e-01   7.5667739e-01  -6.1302865e-01   5.3330874e-01  -9.5127803e-01
   1.4659117e+00   1.4826013e-01  -2.0904973e-01   3.8056862e-01  -6.1110228e-02   9.2802507e-01  -1.0944616e+00   3.8744405e-01   6.5223271e-01   4.7498208e-02   7.0104368e-02   1.1911028e-01   1.6226209e+00  -5.2086163e-01   2.3008792e-01   2.2279307e-01  -7.0813328e-01  -8.4070665e-01  -3.9538279e-01  -7.8074169e-01
   1.8125771e+00   7.5193340e-01  -4.1551706e-01   2.4226147e-01   2.1907169e-01  -1.9717821e-01  -7.2070771e-01   5.8606777e-02  -1.4440678e-01   5.3594327e-01  -1.3189399e-01   5.7811726e-02   1.2244370e+00   5.2497007e-02   8.6110008e-01   2.8010771e-01   3.6442274e-01  -4.0774223e-01   3.0416107e-01   1.5052359e+00
   8.4493154e-01   6.5771639e-02  -4.5309669e-01  -2.6180583e-01   9.3634701e-01  -7.2424048e-01  -1.4818466e+00  -2.9343221e-01   5.5708724e-01  -1.1973865e-01   6.2130939e-02   6.1227940e-03   1.2827415e+00   2.5956315e-01   1.4591448e+00   4.0516305e-01   6.2539503e-02   9.0436560e-01  -3.0621627e-01  -2.7292138e-01
   1.2998952e+00  -2.4254417e-01   4.9411883e-03  -2.7144563e-01   4.3355516e-01  -1.2089303e+00  -8.5872805e-01   4.3487124e-02  -5.4323238e-01   7.0274347e-01  -4.6260676e-01   6.0215986e-01   5.1834494e-01  -5.0842464e-02   9.8931265e-01  -4.7165152e-01   7.2255689e-01   1.1078374e+00   5.4993904e-01   9.4821519e-01
   1.5452446e+00  -2.2795895e-01  -4.8596227e-01  -2.4683936e-01  -1.0551362e+00   1.3158092e-01  -1.0167488e+00  -7.8882828e-02   2.2709912e-01   2.0239703e-01   4.9651903e-01   6.1913684e-02   1.3126879e+00   3.4753275e-01   8.1424248e-01   4.1509065e-01  -6.8190020e-01  -3.1942111e-02  -9.4179815e-01   8.4700912e-01
   1.0011532e+00   8.4826238e-02   4.1850418e-01  -1.9611782e-01  -5.3303474e-01  -1.1112717e+00  -1.2958027e+00   4.8667088e-02   4.6307674e-01  -6.0160142e-01  -4.4738054e-02  -2.1324044e-01   1.1090219e+00   1.5084167e-01   8.1618232e-01   8.2748628e-01   4.7670226e-04   6.8304938e-01   1.2134092e+00  -6.4034230e-01
   1.6634327e+00  -2.5046173e-01  -1.2332520e-01  -3.6480770e-01   1.2502638e+00   3.8315091e-02  -6.5845412e-01  -1.2617385e-01  -8.4745772e-02   2.5975613e-02   7.5484060e-02   1.7455609e-01   1.6214142e+00   1.9938979e-01   5.5081272e-01  -4.4804287e-01   8.1283605e-01   4.4170478e-01  -4.3650538e-01   8.6290926e-01
   8.2152003e-01  -1.7206642e-01   2.3548884e-02  -1.3726197e-01   8.3658314e-01   1.8576282e-01  -5.1791656e-01  -1.3921173e+00   8.6053026e-01   7.7135146e-01  -2.1682703e-01   1.7958534e-01   2.6536691e-01   1.1564507e-01   8.0575424e-01  -8.1135333e-01   1.2280105e-01  -1.1310720e+00  -1.0331873e+00  -1.0805221e+00
   1.4158490e+00  -1.3698328e-01   1.0488287e-01   3.9573606e-02  -9.0242466e-03   1.3170832e+00  -7.2705466e-01  -8.3261091e-01   3.5297632e-02  -7.8461803e-02   6.6377187e-01   6.9454171e-02   1.2177186e+00  -1.1642132e-01   2.2672451e-01  -1.2577702e+00  -3.7743452e-01  -5.7131195e-01   7.9813325e-01   5.6473875e-01
   8.3239865e-01   9.1387019e-02   3.5229072e-02  -4.2192501e-01   2.1599168e-01   1.1407361e+00  -4.7089440e-01  -1.2037971e+00   9.7843277e-01  -3.7863979e-01   8.2410850e-02   1.1341786e-01   1.4855592e+00   2.0060414e-01   5.9256881e-01  -2.8302586e-01   3.1151481e-02  -9.8372024e-01  -1.1523269e+00   7.3768362e-02
   1.9310167e+00   6.4634196e-02  -1.4327413e-01   3.8562003e-01   1.4098704e-01  -8.3054967e-02  -2.2900970e-01  -4.2025205e-01  -6.1524850e-01  -6.8073750e-01  -2.2385463e-02  -8.9407556e-02   1.3688806e+00   1.2130240e-01   7.7188885e-01  -1.0605646e+00   3.5782066e-01   5.1955974e-01   6.5140122e-01  -7.4836206e-01
   1.3748559e+00  -1.3180378e-01   2.3887247e-01   2.9632699e-01  -5.1907891e-01  -7.6566046e-01  -5.4903740e-01  -9.6917307e-01   3.6375993e-01   8.4781480e-01   1.4095618e-01  -1.9087802e-01   1.1477882e+00   1.1742588e-01   4.1690764e-01  -5.0282848e-01  -3.2249385e-01   1.2791950e+00  -1.0221256e+00   6.3305545e-01
   7.7921700e-01   3.0066612e-01  -3.9445635e-02  -1.1881489e-01  -1.4143413e+00   4.7731870e-01  -8.7821740e-01  -6.6911501e-01   1.8375200e-01   8.9766759e-01  -7.5725459e-02   2.8301369e-02   1.3430958e+00   4.5623247e-02   6.8807954e-01  -8.1924891e-01  -1.3801676e+00  -2.8310457e-01   2.4023689e-01   1.1416130e-02
   1.6478899e+00  -1.7885013e-01   1.3432502e-02  -3.0887502e-01  -2.8247601e-01   1.2976262e-01  -8.1977111e-01  -8.2027435e-02  -2.2019851e-01  -1.1545630e+00  -4.4244754e-01  -5.6717936e-02   1.6540104e+00   6.7622823e-01   5.3058249e-01  -5.4268801e-01  -4.2350969e-01   2.3119217e-01  -3.3264816e-01  -8.2975572e-01
