   1.2776508e+00  -3.0475195e-02  -5.8193576e-01  -3.2590020e-01   5.2859622e-01  -1.1738562e-01   7.4928313e-01  -9.2556453e-01   1.3824732e+00   8.5757500e-01   5.8613235e-01  -3.4986645e-02   4.1090918e-01  -2.2414914e-01  -2.3237109e-01  -4.8852506e-01   1.3839906e+00  -4.1279618e-02  -9.6195394e-01   3.0316979e-01   8.9673293e-01  -5.8946872e-01   8.3797127e-02   4.7795141e-01   1.7572449e-01  -1.2068433e+00  -9.0777838e-01  -2.7289551e-01
   1.1514628e+00   2.0100610e-01  -1.0192982e-01   4.3666534e-02  -9.8843074e-01  -7.2225118e-01   1.3966714e+00   4.6183090e-03   6.9542360e-01  -1.8480410e-01   3.4148493e-01   1.1556768e+00   3.4779169e-02   4.4822052e-01   2.0569813e-01   8.1221029e-02   1.2530197e+00  -5.9196945e-02  -1.2334771e+00  -2.7106574e-01  -8.6654538e-01   2.9397070e-01  -4.7333083e-01   4.9342474e-01   4.9341172e-02   5.8576518e-01  -2.7674985e-01  -1.4337399e+00
   9.8057669e-01   2.0167023e-02  -6.1636513e-01   5.9456700e-01   2.1048501e-01  -5.9141999e-01  -7.6420110e-01   1.4974602e-01   9.0148634e-01   3.3154780e-01   1.5431738e-01   9.6902096e-01  -1.3241279e+00   8.1572402e-01   3.7370384e-01   2.3021694e-01   9.9664706e-01  -3.4316194e-01   1.0532701e+00   7.8566808e-01   9.1367650e-01  -5.2402869e-02   1.6092660e-01  -5.9074089e-02   1.4854987e+00   2.1183693e-01  -8.9081943e-01  -2.3989701e-01
   1.2256681e+00   6.8348581e-01   3.5823748e-01   2.9559070e-01  -2.4980561e-01  -3.9858493e-01  -1.1124268e+00   1.0159629e-01   5.5953586e-01  -7.2979349e-01   5.2078265e-01   2.4837911e-01   1.4154629e+00   4.0456030e-01  -1.9948985e-01  -4.5430788e-01   6.8986541e-01   2.3870413e-01   1.0668260e+00   1.1190291e-01  -5.2531439e-01  -2.7332900e-02  -1.6379122e+00  -5.5813253e-01   5.0462133e-01  -1.2801227e-01  -3.8298663e-01   1.1754133e+00
   5.5730623e-01  -4.9608868e-01   4.0798017e-01   1.8441093e-01   1.5286082e+00  -7.9401083e-02   1.5924938e-01  -1.0765811e+00  -8.7250686e-01   7.7175009e-01   9.7515434e-01  -1.5421523e-01   6.0368365e-01  -1.3966550e-01  -3.7058955e-01  -4.8229688e-01   6.8644440e-01  -1.0723974e-01  -9.6484548e-01  -9.1138995e-01   1.4637803e+00  -6.6926354e-01  -8.9248067e-01  -3.2844499e-01  -7.4217540e-01   2.9039946e-01  -1.6210428e-01  -4.7894815e-01
   9.8229367e-01  -1.1524524e-01  -1.3716440e-01   2.7102423e-01  -6.2373525e-01  -4.1759026e-01   1.1474628e+00   4.4633228e-02  -1.1268189e+00  -7.9929250e-01   4.7440660e-01  -1.0636519e+00  -6.8418491e-01   5.6066328e-01  -2.3647575e-01   1.7102765e-01   8.4876311e-01   1.1963727e+00   9.5971644e-02  -1.4775219e+00  -8.1438351e-01  -7.0091623e-01   3.5991791e-01  -4.3048993e-01  -5.8730990e-01   6.6981455e-03  -4.8393339e-01   7.2270727e-01
   1.4303488e+00   1.5606508e-01   2.6576212e-01  -2.7390543e-01   3.7484357e-01  -6.3902235e-01  -5.4013681e-01   5.3502285e-01  -3.8979322e-01   4.5579395e-01   1.1061890e+00  -2.2105744e-01  -8.2553780e-01  -1.1591018e+00  -1.2290186e-01  -8.8533156e-02   1.7629050e+00   1.0952602e-01   6.7795473e-01  -7.9873049e-01   6.2684476e-01   6.8368673e-01  -6.1624640e-01   9.7535171e-02  -2.8459412e-01   8.6575139e-01  -2.8832641e-01   7.7223545e-01
   1.3107383e+00   3.9589462e-01   5.7213932e-01   1.4510854e-01  -6.8760139e-01   7.6927416e-02  -6.4190459e-01  -4.4102091e-01  -9.5186019e-01   6.0205346e-01   1.2149888e+00   1.9202587e-01  -5.0078136e-01   8.1192273e-01   7.7747935e-01  -4.3136749e-01   1.0209858e+00   1.6293809e-01   8.1190950e-01   2.9424551e-01   2.3312194e-02  -1.0195037e+00  -4.9768150e-01  -6.4246440e-01  -8.0924249e-01  -1.0659887e+00  -5.7503265e-01  -7.5661254e-01
   2.0199623e+00   4.2575327e-01  -1.3637385e-01   2.2188520e-01   4.8385024e-01  -1.5819222e-01   5.0633395e-01  -1.1284757e-01   6.0821503e-01  -5.9877813e-01  -8.0228549e-01  -4.0903670e-01  -7.2002190e-01   2.9076785e-01   3.4526944e-01  -5.5234420e-01   1.6731124e+00  -7.3257631e-01  -2.6301870e-01  -4.3778130e-01   2.6961422e-01   6.8474096e-01   1.2582184e+00  -1.2495038e-01   4.8880062e-01  -4.4084617e-01   3.0007276e-01  -5.6151336e-01
   1.1815724e+00  -2.0386736e-01  -6.5470886e-01   7.3222435e-01  -8.1428194e-01   4.4992343e-01   5.5433041e-01  -1.1991734e-01   1.6018409e-01  -8.9846087e-01  -1.0569516e+00  -9.2498422e-01   7.7072686e-01   1.0356804e-01   1.8936802e-01  -1.6176513e-01   1.3443229e+00   3.1764635e-01  -1.0218704e+00   6.8753654e-01  -1.7088249e-01  -6.6369957e-01   7.5385511e-01  -3.6524568e-02   1.8435988e-01   3.4262514e-01  -9.2299557e-01   1.2125642e+00
   1.0188392e+00  -1.1252324e-01  -3.0577913e-01  -6.4379758e-01   1.1645732e+00   4.3645838e-01  -5.6322002e-01   6.5162456e-01   7.2957873e-01  -4.5911467e-01  -1.0342859e+00   1.1095734e-01   1.5681896e-01  -1.1415114e+00  -2.5581187e-01  -1.4439975e-01   1.2643592e+00   9.7553581e-02   1.0660026e+00  -4.8451844e-01  -2.5223276e-01  -1.0054867e+00   3.6632308e-01  -1.0673130e+00   9.8421472e-01   3.6532357e-01   4.8225138e-01  -5.0178474e-01
   1.7580363e+00   2.3696411e-02  -4.9432597e-01  -3.6666885e-01  -1.0169122e+00   5.8361953e-01  -7.6456130e-01  -7.2980100e-01   4.6556529e-01   3.8409141e-01  -3.9900339e-01   7.0435768e-01  -1.2406880e-01  -5.5351786e-02   5.7862960e-02  -3.7578773e-02   1.5127558e+00  -4.2370880e-01   5.7089496e-01  -3.0049375e-01  -1.0830153e+00  -1.1564269e-01   9.9472642e-01   3.2635622e-02  -1.7818937e-01  -4.5377198e-01  -1.2687124e+00  -2.9483938e-01
   1.7151308e+00  -3.8022467e-01   1.0830180e-01  -7.6362169e-01   2.9829791e-01   1.0521280e-01   9.4910473e-01   3.9459392e-01  -3.7874338e-01   3.5858759e-01  -2.0977534e-01  -1.7716312e-01   1.0172079e+00   8.8329887e-01  -1.0920700e-01   8.6763227e-01   1.5820636e+00   3.2296933e-02  -8.0955440e-01   4.1948602e-01   8.3915615e-01  -5.0464571e-01   7.8480458e-01  -2.4444839e-01  -6.3949567e-01   4.4299728e-01   6.0932612e-01  -5.3755814e-01
   1.2591325e+00   2.7430069e-01   1.1193815e-01  -1.6511869e-01   4.3604039e-02  -8.2029617e-01   6.6179860e-01   2.1429990e-01  -1.4388034e+00   8.2386541e-01  -9.2568314e-01  -4.4215062e-01  -4.1211286e-01  -4.1198012e-01  -4.2813133e-02  -4.0679342e-01   1.2465863e+00   1.9726731e-01  -7.0937073e-01   9.5448381e-01  -2.8720555e-01   1.1138327e+00   6.7354000e-01  -1.6933064e-01  -1.1113116e+00  -6.6332364e-01   7.2080411e-02  -5.8301026e-01
   9.6274346e-01   9.7585857e-02  -4.0556081e-02  -4.1341320e-01   6.5453571e-01  -2.6548642e-01  -1.0617083e+00  -7.6579458e-01  -9.5346034e-01   7.1712261e-01  -8.0942452e-01   4.2690122e-01   1.1808420e+00  -1.5273829e-01   8.8939130e-02  -5.3139180e-02   7.8553349e-01  -3.8127834e-01   7.6697975e-01  -1.0857180e+00   8.7860447e-01  -9.7247022e-01   1.2638983e+00   2.6540402e-02  -5.7754028e-01   7.7638197e-01  -4.5559108e-01   1.0804320e-02
   9.8803502e-01   5.4823212e-02   5.5513299e-01   1.5216261e-01  -8.0205299e-02   7.1924025e-01  -1.0806692e+00   6.8858004e-01  -6.8729812e-01  -2.0970696e-01  -1.5144734e+00   7.0074499e-01  -2.1721295e-01   4.1894835e-01  -1.8005159e-01  -2.1009231e-01   5.8256680e-01   5.9142756e-01   7.5795090e-01   7.6293105e-01  -3.6245263e-01   1.3856065e-01   7.5496459e-01   1.2615960e+00  -2.5225982e-02  -7.4513578e-01  -5.6954598e-01   1.3730640e+00
